fecha	objective	metric	first_metric_only	boost_from_average	feature_pre_filter	verbosity	seed	max_depth	min_gain_to_split	max_bin	num_iterations	force_row_wise	seed	learning_rate	feature_fraction	min_data_in_leaf	num_leaves	prob_corte	lambda_l1	lambda_l2	ganancia	iteracion
20220620 222551	binary	custom	TRUE	TRUE	FALSE	-100	999983	-1	0	31	23	TRUE	999983	0.180839553323874	0.832044013410008	1570	1066	0.0270861891846012	48.4359313293161	51.418981970554	11674000	1
20220620 222602	binary	custom	TRUE	TRUE	FALSE	-100	999983	-1	0	31	42	TRUE	999983	0.263640833674913	0.529973439905526	2608	338	0.0371908421981581	44.6955685545358	41.605945486143	9524000	2
20220620 222619	binary	custom	TRUE	TRUE	FALSE	-100	999983	-1	0	31	110	TRUE	999983	0.0970049460366135	0.417754854667666	2377	295	0.0343408503109545	69.585177368052	43.7131236506892	9205000	3
20220620 222637	binary	custom	TRUE	TRUE	FALSE	-100	999983	-1	0	31	112	TRUE	999983	0.0700065752063944	0.563075365425487	3165	930	0.0385026425805076	32.4812206165266	14.1499719432821	9462000	4
20220620 222644	binary	custom	TRUE	TRUE	FALSE	-100	999983	-1	0	31	37	TRUE	999983	0.209875276585392	0.700711561040953	2512	751	0.0194822880677142	37.9836476599199	62.8967146306033	12819000	5
20220620 222650	binary	custom	TRUE	TRUE	FALSE	-100	999983	-1	0	31	28	TRUE	999983	0.103465987080542	0.918518468331812	4844	672	0.0248202859056099	65.5377872055396	47.1747097916835	10443000	6
20220620 222656	binary	custom	TRUE	TRUE	FALSE	-100	999983	-1	0	31	35	TRUE	999983	0.226110474441749	0.896308639465964	2763	1146	0.0357747899420377	82.6737312300663	80.4459214451656	2123000	7
20220620 222707	binary	custom	TRUE	TRUE	FALSE	-100	999983	-1	0	31	66	TRUE	999983	0.189317698452339	0.593465892438378	1147	609	0.0418120333327568	17.6657271995542	64.8810342960392	9626000	8
20220620 222745	binary	custom	TRUE	TRUE	FALSE	-100	999983	-1	0	31	307	TRUE	999983	0.046192684015176	0.449709379985662	2868	876	0.0489910197740149	18.5069119225123	90.3549853496121	7142000	9
20220620 222758	binary	custom	TRUE	TRUE	FALSE	-100	999983	-1	0	31	159	TRUE	999983	0.0785639283973225	0.64395784485553	4972	176	0.0440044660615968	50.5557259686092	27.1121079110474	3021000	10
20220620 222805	binary	custom	TRUE	TRUE	FALSE	-100	999983	-1	0	31	7	TRUE	999983	0.234742957120096	0.391289561454739	3638	832	0.0121485889122899	88.4901461282945	36.3906489244463	11322000	11
20220620 222818	binary	custom	TRUE	TRUE	FALSE	-100	999983	-1	0	31	133	TRUE	999983	0.152977129790899	0.811562592343294	4221	139	0.0182754509728208	8.66385771660134	23.1825758553376	12428000	12
20220620 222824	binary	custom	TRUE	TRUE	FALSE	-100	999983	-1	0	31	53	TRUE	999983	0.197959212314537	0.772731993227665	1660	70	0.00863656186633134	26.2608574046421	30.4530176924475	11078000	13
20220620 222841	binary	custom	TRUE	TRUE	FALSE	-100	999983	-1	0	31	181	TRUE	999983	0.144270641597104	0.225456427596509	3460	53	0.0322846359668239	81.9026293141568	98.5138296939632	3407000	14
20220620 222849	binary	custom	TRUE	TRUE	FALSE	-100	999983	-1	0	31	1	TRUE	999983	0.174639057845426	0.496711722615042	3340	808	0.0406454531644288	96.9125611507999	14.8860779674058	0	15
20220620 222857	binary	custom	TRUE	TRUE	FALSE	-100	999983	-1	0	31	63	TRUE	999983	0.122555426403664	0.745409848933507	4067	1367	0.0318878390551184	40.5921182927809	74.0348638201665	10616000	16
20220620 222905	binary	custom	TRUE	TRUE	FALSE	-100	999983	-1	0	31	48	TRUE	999983	0.126094492974891	0.984652658937765	2235	553	0.0161155360147296	77.3063940528248	77.7999598682592	11401000	17
20220620 223004	binary	custom	TRUE	TRUE	FALSE	-100	999983	-1	0	31	583	TRUE	999983	0.0342070822402768	0.265269591300083	3733	1251	0.0129745614850738	4.26442027424595	56.2637637003458	13206000	18
20220620 223036	binary	custom	TRUE	TRUE	FALSE	-100	999983	-1	0	31	306	TRUE	999983	0.0118075620244157	0.677494527519281	3954	1307	0.0219588368749274	72.1588249376509	9.10425809644429	10700000	19
20220620 223050	binary	custom	TRUE	TRUE	FALSE	-100	999983	-1	0	31	97	TRUE	999983	0.271097711801662	0.234857069574563	1880	1010	0.0236178266476989	0.505832448003015	82.4384790221562	12698000	20
20220620 223056	binary	custom	TRUE	TRUE	FALSE	-100	999983	-1	0	31	18	TRUE	999983	0.252290766952543	0.878594442496875	4536	1466	0.0103435125973192	63.3024998591281	33.5155681640442	11317000	21
20220620 223106	binary	custom	TRUE	TRUE	FALSE	-100	999983	-1	0	31	22	TRUE	999983	0.0915186457170473	0.317946388366233	1725	542	0.0148963521013641	54.3139827229814	6.81239958669591	12038000	22
20220620 223111	binary	custom	TRUE	TRUE	FALSE	-100	999983	-1	0	31	21	TRUE	999983	0.288022055551825	0.728052227558302	3108	1185	0.0458222280429687	23.26935418948	0.430257072106802	7652000	23
20220620 223148	binary	custom	TRUE	TRUE	FALSE	-100	999983	-1	0	31	276	TRUE	999983	0.0286965731604557	0.369228866337133	1344	1105	0.0292261927518883	57.160781744668	87.0631106888011	11403000	24
20220620 223200	binary	custom	TRUE	TRUE	FALSE	-100	999983	-1	0	31	70	TRUE	999983	0.242704689972618	0.461536612920463	4674	393	0.0202580397906353	30.591565004683	60.3295127403856	12784000	25
20220620 223205	binary	custom	TRUE	TRUE	FALSE	-100	999983	-1	0	31	1	TRUE	999983	0.294038410457932	0.621902502235025	1095	252	0.0445653976901667	92.3408117278346	68.8446374743113	0	26
20220620 223217	binary	custom	TRUE	TRUE	FALSE	-100	999983	-1	0	31	85	TRUE	999983	0.0583881358708355	0.967671192836549	2100	452	0.0286797460851847	12.5930221518502	19.2226150929595	11600000	27
20220620 223225	binary	custom	TRUE	TRUE	FALSE	-100	999983	-1	0	31	1	TRUE	999983	0.155563229264475	0.298045042396656	4418	1417	0.0477116629996176	95.4471247062819	95.4298919016894	0	28
20220620 223240	binary	custom	TRUE	TRUE	FALSE	-100	999983	-1	0	31	67	TRUE	999983	0.0898463343650776	0.355176761992386	2327	1086	0.0271595655426524	12.9989799925837	46.938419980953	12167000	29
20220620 223319	binary	custom	TRUE	TRUE	FALSE	-100	999983	-1	0	31	459	TRUE	999983	0.0377880705973763	0.593331446808204	4172	941	0.014563334679442	33.6537782497311	69.4174213679322	12128000	30
20220620 223334	binary	custom	TRUE	TRUE	FALSE	-100	999983	-1	0	31	99	TRUE	999983	0.299372638191282	0.279416002635918	4018	1410	0.0164006972489697	0.0847827345183677	52.4333088699472	12890000	31
20220620 223347	binary	custom	TRUE	TRUE	FALSE	-100	999983	-1	0	31	50	TRUE	999983	0.115369684735115	0.406881611451237	1015	267	0.0225373001551611	35.7754981667539	56.1629373295921	12157000	32
20220620 223400	binary	custom	TRUE	TRUE	FALSE	-100	999983	-1	0	31	64	TRUE	999983	0.200886184402114	0.3258087042813	3292	563	0.0166506339080919	5.89436433451578	72.2853781528339	13011000	33
20220620 223411	binary	custom	TRUE	TRUE	FALSE	-100	999983	-1	0	31	63	TRUE	999983	0.149000258920879	0.201672192963282	1795	1500	0.0121229520580681	19.7530795968056	82.0764904300084	12182000	34
20220620 223423	binary	custom	TRUE	TRUE	FALSE	-100	999983	-1	0	31	38	TRUE	999983	0.269623546304933	0.375878488195315	1630	400	0.0326492103714457	0.130826652166392	35.7239361548447	11094000	35
20220620 223436	binary	custom	TRUE	TRUE	FALSE	-100	999983	-1	0	31	45	TRUE	999983	0.155563278201612	0.433497892596918	4461	1418	0.0216233024974996	0.13057164548109	73.990013643519	12908000	36
20220620 223448	binary	custom	TRUE	TRUE	FALSE	-100	999983	-1	0	31	71	TRUE	999983	0.22127514390677	0.2023639272181	4623	712	0.0108295057492019	2.00742361451732	42.8057255755793	12769000	37
20220620 223500	binary	custom	TRUE	TRUE	FALSE	-100	999983	-1	0	31	74	TRUE	999983	0.203254709338847	0.227573891770483	3805	1166	0.019587094748859	20.6888047992455	49.4940394386708	12732000	38
20220620 223507	binary	custom	TRUE	TRUE	FALSE	-100	999983	-1	0	31	16	TRUE	999983	0.299385631060611	0.826056907038272	4049	607	0.0216225724936891	0.064502820538556	58.2793226643215	12826000	39
20220620 223555	binary	custom	TRUE	TRUE	FALSE	-100	999983	-1	0	31	627	TRUE	999983	0.0100290572140859	0.700560755525039	2223	353	0.0188149820244374	51.1838677802806	44.6475941837268	11685000	40
20220620 223614	binary	custom	TRUE	TRUE	FALSE	-100	999983	-1	0	31	40	TRUE	999983	0.121051840095643	0.407955670913099	3824	1338	0.0119888426285886	0.0303090729212917	4.43680281836986	13043000	41
20220620 223630	binary	custom	TRUE	TRUE	FALSE	-100	999983	-1	0	31	84	TRUE	999983	0.17606338141577	0.464767311365208	3689	1138	0.0129082860711783	0.767653562058373	56.4674742961792	13698000	42
20220620 223645	binary	custom	TRUE	TRUE	FALSE	-100	999983	-1	0	31	106	TRUE	999983	0.124261879357745	0.947184489054968	3488	1439	0.0138567700722683	0.0630422658305856	55.9450913465005	12840000	43
20220620 223717	binary	custom	TRUE	TRUE	FALSE	-100	999983	-1	0	31	264	TRUE	999983	0.123987443274986	0.395489950143754	3724	1493	0.00834262011091806	0.00990079139542179	62.338500781577	11688000	44
20220620 223733	binary	custom	TRUE	TRUE	FALSE	-100	999983	-1	0	31	66	TRUE	999983	0.167828288809152	0.463829032403145	2975	970	0.0141405260228057	0.17113344005214	38.1634307361225	13278000	45
20220620 223751	binary	custom	TRUE	TRUE	FALSE	-100	999983	-1	0	31	112	TRUE	999983	0.190554624594509	0.574315933026657	4959	1126	0.0144887732856974	0.150289402219241	43.2331064211783	13147000	46
20220620 223801	binary	custom	TRUE	TRUE	FALSE	-100	999983	-1	0	31	43	TRUE	999983	0.299913250159983	0.544286347784643	3839	493	0.0134086260231801	25.9602758608624	6.41711126576328	11744000	47
20220620 223813	binary	custom	TRUE	TRUE	FALSE	-100	999983	-1	0	31	50	TRUE	999983	0.239644231233687	0.787321615382684	1160	1087	0.0173736376258377	0.0112198318716538	99.6794361745605	13170000	48
20220620 223827	binary	custom	TRUE	TRUE	FALSE	-100	999983	-1	0	31	52	TRUE	999983	0.276707723487541	0.522337886339297	1575	948	0.0145033720823822	1.82447953202473	71.8834990947732	12962000	49
20220620 223840	binary	custom	TRUE	TRUE	FALSE	-100	999983	-1	0	31	54	TRUE	999983	0.121029299757991	0.622131914910975	1524	1267	0.0211726279904631	0.0593339888744957	87.1415220423745	12990000	50
20220620 223855	binary	custom	TRUE	TRUE	FALSE	-100	999983	-1	0	31	137	TRUE	999983	0.243322127443319	0.782992184639233	3926	1080	0.0159975259547822	0.144050263696167	99.8885530035224	12948000	51
20220620 223905	binary	custom	TRUE	TRUE	FALSE	-100	999983	-1	0	31	30	TRUE	999983	0.284230777030358	0.476634029912313	1003	1472	0.0207773842190721	25.0247551915855	99.9836420186774	12750000	52
20220620 223919	binary	custom	TRUE	TRUE	FALSE	-100	999983	-1	0	31	84	TRUE	999983	0.19361084986277	0.599438368551146	4038	1010	0.0169552807177759	0.149607555756126	59.3740136388762	13330000	53
20220620 223928	binary	custom	TRUE	TRUE	FALSE	-100	999983	-1	0	31	31	TRUE	999983	0.250822119021625	0.959154566150259	1954	243	0.0199066551653092	0.171542501004977	99.8954571577902	12785000	54
20220620 223940	binary	custom	TRUE	TRUE	FALSE	-100	999983	-1	0	31	78	TRUE	999983	0.165012385603884	0.729264591829171	2152	689	0.0131426001468704	0.561708656197708	99.4090805998012	13115000	55
20220620 223953	binary	custom	TRUE	TRUE	FALSE	-100	999983	-1	0	31	34	TRUE	999983	0.257720013899666	0.491256964897073	2254	1161	0.0184258995374614	0.0906396083224204	99.8460575344661	13235000	56
20220620 224235	binary	custom	TRUE	TRUE	FALSE	-100	999983	-1	0	31	1420	TRUE	999983	0.0101104222231762	0.546191918365999	1008	1192	0.0336028649936646	12.2854093660787	58.6110178453547	11115000	57
20220620 224244	binary	custom	TRUE	TRUE	FALSE	-100	999983	-1	0	31	82	TRUE	999983	0.235444013910686	0.787837795433096	2089	1024	0.0220988711455581	13.0169043372389	96.7553833595256	13096000	58
20220620 224252	binary	custom	TRUE	TRUE	FALSE	-100	999983	-1	0	31	6	TRUE	999983	0.202631346934875	0.349981009565012	2131	976	0.0129277008932809	64.1259834007651	61.2757728112614	12299000	59
20220620 224318	binary	custom	TRUE	TRUE	FALSE	-100	999983	-1	0	31	134	TRUE	999983	0.153068763786431	0.444800269595926	4112	541	0.0131477796825567	0.168493207992543	61.0986914844179	13178000	60
20220620 224331	binary	custom	TRUE	TRUE	FALSE	-100	999983	-1	0	31	42	TRUE	999983	0.190182399473495	0.529922485915653	3852	1137	0.01325706788054	6.19686171856939	55.6892849321577	12987000	61
20220620 224350	binary	custom	TRUE	TRUE	FALSE	-100	999983	-1	0	31	148	TRUE	999983	0.15485862988468	0.232377914603795	4978	888	0.0168694002999617	0.110234155315571	15.5998875588189	13351000	62
20220620 224359	binary	custom	TRUE	TRUE	FALSE	-100	999983	-1	0	31	14	TRUE	999983	0.108899550198778	0.238414036155695	5000	748	0.0122672777088171	53.8902701929136	0.176577155267614	11653000	63
20220620 224408	binary	custom	TRUE	TRUE	FALSE	-100	999983	-1	0	31	79	TRUE	999983	0.182527601302898	0.886389047286894	3332	536	0.0229784003216458	26.4220146377076	87.3759063401786	12404000	64
20220620 224430	binary	custom	TRUE	TRUE	FALSE	-100	999983	-1	0	31	201	TRUE	999983	0.170157565077504	0.208580593574344	3095	1097	0.013384561611611	1.37136152269911	82.0231648658157	12941000	65
20220620 224447	binary	custom	TRUE	TRUE	FALSE	-100	999983	-1	0	31	92	TRUE	999983	0.24626475702449	0.405024497615008	3579	933	0.0188341562543606	0.00173911327067036	58.7456073112407	13399000	66
20220620 224459	binary	custom	TRUE	TRUE	FALSE	-100	999983	-1	0	31	38	TRUE	999983	0.164634626382441	0.304406351598827	4547	1150	0.0160865809584439	0.0337733570052788	34.990561533126	12830000	67
20220620 224527	binary	custom	TRUE	TRUE	FALSE	-100	999983	-1	0	31	211	TRUE	999983	0.0511850926678393	0.234642337912847	4999	575	0.0211318959137285	0.959699712767176	6.42757561834855	13051000	68
20220620 224541	binary	custom	TRUE	TRUE	FALSE	-100	999983	-1	0	31	69	TRUE	999983	0.258920963080542	0.584502412193647	3483	1013	0.0124146532924702	0.00253442199271807	58.6667464122031	12974000	69
20220620 224549	binary	custom	TRUE	TRUE	FALSE	-100	999983	-1	0	31	19	TRUE	999983	0.288180780487574	0.24487450280928	4996	615	0.0222022480142936	9.32916851163975	0.251462538753763	12404000	70
20220620 224614	binary	custom	TRUE	TRUE	FALSE	-100	999983	-1	0	31	198	TRUE	999983	0.027429305530367	0.992790676859511	5000	1079	0.0196432858546226	0.0190609414041295	80.0410794671307	12698000	71
20220620 224628	binary	custom	TRUE	TRUE	FALSE	-100	999983	-1	0	31	45	TRUE	999983	0.162559008374511	0.996126187963763	1700	1158	0.0171820540299165	32.3833973091201	99.8685709170133	12592000	72
20220620 224720	binary	custom	TRUE	TRUE	FALSE	-100	999983	-1	0	31	329	TRUE	999983	0.0253699681448327	0.407511126695068	1662	791	0.0128627967018875	0.0953119634538046	55.3658585675114	13285000	73
20220620 224731	binary	custom	TRUE	TRUE	FALSE	-100	999983	-1	0	31	26	TRUE	999983	0.256795286521267	0.450579111879369	5000	1227	0.0181370811407669	0.183476240413787	72.8191548252684	13032000	74
20220620 224747	binary	custom	TRUE	TRUE	FALSE	-100	999983	-1	0	31	58	TRUE	999983	0.166123721874999	0.392490444794413	1006	1174	0.0116767259882449	0.0725588904236945	20.8107219013203	13068000	75
20220620 224752	binary	custom	TRUE	TRUE	FALSE	-100	999983	-1	0	31	10	TRUE	999983	0.219540626168793	0.960823941661963	1002	1320	0.0104218113461945	97.04165103991	0.110346059726022	10302000	76
20220620 224801	binary	custom	TRUE	TRUE	FALSE	-100	999983	-1	0	31	45	TRUE	999983	0.296913543723648	0.200326469125427	2268	12	0.0213701053358442	37.1889941175874	5.52147215580453	12087000	77
20220620 224813	binary	custom	TRUE	TRUE	FALSE	-100	999983	-1	0	31	69	TRUE	999983	0.181105355274894	0.784453729976624	3563	1494	0.0202439962511278	0.0336577250468527	86.0783080602858	12997000	78
20220620 224823	binary	custom	TRUE	TRUE	FALSE	-100	999983	-1	0	31	25	TRUE	999983	0.189137315546713	0.399152923208888	1563	679	0.0190425758956434	17.9645697694403	99.8731845932073	12573000	79
20220620 224846	binary	custom	TRUE	TRUE	FALSE	-100	999983	-1	0	31	148	TRUE	999983	0.119022031451503	0.444031741004246	3554	883	0.0162558106240658	0.00393356746033179	58.5289420961701	13570000	80
20220620 224853	binary	custom	TRUE	TRUE	FALSE	-100	999983	-1	0	31	36	TRUE	999983	0.172864143772002	0.961056020714327	4999	979	0.0208489005265291	19.5515217985577	3.11949282041849	12036000	81
20220620 224905	binary	custom	TRUE	TRUE	FALSE	-100	999983	-1	0	31	31	TRUE	999983	0.14335915588062	0.859102565473347	1815	171	0.0124194553938938	0.0124789404425302	0.833745523661371	12486000	82
20220620 224918	binary	custom	TRUE	TRUE	FALSE	-100	999983	-1	0	31	64	TRUE	999983	0.172920339529885	0.207804856656748	3555	35	0.0124907741354529	0.00533210512146959	16.9075462269825	13109000	83
20220620 224926	binary	custom	TRUE	TRUE	FALSE	-100	999983	-1	0	31	15	TRUE	999983	0.240247283469315	0.32979744736928	2021	1499	0.022215087436333	39.7376421849956	64.7517081514635	12536000	84
20220620 225009	binary	custom	TRUE	TRUE	FALSE	-100	999983	-1	0	31	431	TRUE	999983	0.018375355044755	0.70662325229574	5000	784	0.0251596037194036	0.0136334953183143	60.7079911905225	12239000	85
20220620 225228	binary	custom	TRUE	TRUE	FALSE	-100	999983	-1	0	31	1666	TRUE	999983	0.0112934540485883	0.335533464263397	1779	231	0.0310195080154208	38.5073543968378	0.00429346635986606	10623000	86
20220620 225244	binary	custom	TRUE	TRUE	FALSE	-100	999983	-1	0	31	51	TRUE	999983	0.0527848973832648	0.853525335378687	1274	1167	0.0123382598152007	0.0690138685701575	68.9252056241111	12995000	87
20220620 225254	binary	custom	TRUE	TRUE	FALSE	-100	999983	-1	0	31	51	TRUE	999983	0.168911068010346	0.684198174579772	2121	1480	0.0261198568259752	0.0120771441237275	99.9770407948837	12254000	88
20220620 225304	binary	custom	TRUE	TRUE	FALSE	-100	999983	-1	0	31	41	TRUE	999983	0.17609063126358	0.981315188086449	2530	702	0.01680640967746	0.0323993725207453	73.0585157381221	13209000	89
20220620 225320	binary	custom	TRUE	TRUE	FALSE	-100	999983	-1	0	31	74	TRUE	999983	0.0728385582917289	0.790109813453318	2185	1100	0.0121257259848	0.00849336996905624	19.7371118259339	13473000	90
20220620 225339	binary	custom	TRUE	TRUE	FALSE	-100	999983	-1	0	31	145	TRUE	999983	0.103350583178724	0.209498677447	2234	868	0.0115241154210017	5.96022744719721	14.6895061835351	13266000	91
20220620 225400	binary	custom	TRUE	TRUE	FALSE	-100	999983	-1	0	31	83	TRUE	999983	0.0789809964362552	0.464393286415117	2256	1126	0.0123039039112663	0.00947665153354351	20.9250584546687	13093000	92
20220620 225414	binary	custom	TRUE	TRUE	FALSE	-100	999983	-1	0	31	97	TRUE	999983	0.16384436163715	0.761302974758325	2021	895	0.0175747738145574	2.40802470533921	55.5334316874912	13230000	93
20220620 225425	binary	custom	TRUE	TRUE	FALSE	-100	999983	-1	0	31	64	TRUE	999983	0.0477861784479541	0.900430691725013	2515	717	0.0101837872459751	71.105156811788	14.5203656673027	11655000	94
20220620 225440	binary	custom	TRUE	TRUE	FALSE	-100	999983	-1	0	31	83	TRUE	999983	0.170412567395562	0.215471763942671	1972	760	0.0120195324483627	0.0402946027019751	51.2526785042214	12955000	95
20220620 225449	binary	custom	TRUE	TRUE	FALSE	-100	999983	-1	0	31	22	TRUE	999983	0.204872218757112	0.847134746431911	1903	964	0.0113561346595571	0.0133834577722094	9.08494650310827	12589000	96
20220620 225615	binary	custom	TRUE	TRUE	FALSE	-100	999983	-1	0	31	851	TRUE	999983	0.010041810850275	0.824053113170553	3651	608	0.0120806703747663	0.114498462493723	14.7412828204885	12914000	97
20220620 225700	binary	custom	TRUE	TRUE	FALSE	-100	999983	-1	0	31	179	TRUE	999983	0.0123676630550811	0.794964380742498	1332	875	0.0118696393744501	0.0826583002221855	14.4274647630381	13333000	98
20220620 225716	binary	custom	TRUE	TRUE	FALSE	-100	999983	-1	0	31	51	TRUE	999983	0.153606689780508	0.730476652619336	2669	236	0.0216137704696721	0.0750470546590255	73.460372801804	12947000	99
20220620 225831	binary	custom	TRUE	TRUE	FALSE	-100	999983	-1	0	31	409	TRUE	999983	0.0108106028586446	0.496572768927954	1001	1194	0.0129073846092594	51.4932433449422	89.9921096804811	12525000	100
20220620 225845	binary	custom	TRUE	TRUE	FALSE	-100	999983	-1	0	31	78	TRUE	999983	0.0879211889233184	0.757528439220192	2454	914	0.0127838185101574	0.0537655657363179	51.8196541276949	13056000	101
20220620 225902	binary	custom	TRUE	TRUE	FALSE	-100	999983	-1	0	31	107	TRUE	999983	0.0824721753235027	0.206619256305939	1003	837	0.0130874738372565	12.6235811042409	16.9408860890582	12961000	102
20220620 230015	binary	custom	TRUE	TRUE	FALSE	-100	999983	-1	0	31	535	TRUE	999983	0.0164624843058907	0.999115257897909	2140	1205	0.0127036801850305	0.0486456249373566	1.20891544805564	12972000	103
20220620 230026	binary	custom	TRUE	TRUE	FALSE	-100	999983	-1	0	31	64	TRUE	999983	0.148528573460161	0.803566839703597	3322	949	0.0209748297732464	0.0337997473208971	16.7140795905169	12863000	104
20220620 230046	binary	custom	TRUE	TRUE	FALSE	-100	999983	-1	0	31	106	TRUE	999983	0.0561723802852266	0.836080080766527	1723	1008	0.0130336532286887	4.5966462625023	19.8210997201301	13286000	105
20220620 230109	binary	custom	TRUE	TRUE	FALSE	-100	999983	-1	0	31	66	TRUE	999983	0.0244249105193077	0.200754810674366	2039	999	0.0109875767288887	30.6494107875231	8.77401820838648	12419000	106
20220620 230122	binary	custom	TRUE	TRUE	FALSE	-100	999983	-1	0	31	78	TRUE	999983	0.299945880318963	0.439272562454257	3499	941	0.0233322674114558	31.285646104372	66.1572252184094	12637000	107
20220620 230136	binary	custom	TRUE	TRUE	FALSE	-100	999983	-1	0	31	52	TRUE	999983	0.0535203303163244	0.239739820860658	1003	863	0.0104715520071592	99.8728165840968	71.8770770280314	11687000	108
20220620 230146	binary	custom	TRUE	TRUE	FALSE	-100	999983	-1	0	31	49	TRUE	999983	0.167868135468241	0.780098061917669	4998	632	0.0175833625115318	4.93544561908138	82.1656013901372	12847000	109
20220620 230337	binary	custom	TRUE	TRUE	FALSE	-100	999983	-1	0	31	1287	TRUE	999983	0.0115596869349709	0.827849092701787	1971	1071	0.0155299257881743	0.0229604680798331	99.6831332289422	13406000	110
20220620 230400	binary	custom	TRUE	TRUE	FALSE	-100	999983	-1	0	31	164	TRUE	999983	0.0568307263781508	0.723387504569385	1015	750	0.0148611462690767	0.00810293465149855	96.0341530284531	13130000	111
20220620 230430	binary	custom	TRUE	TRUE	FALSE	-100	999983	-1	0	31	271	TRUE	999983	0.0370693967128437	0.809623871075533	2096	816	0.0215211981569234	0.0160872305096849	76.9021579202714	12877000	112
20220620 230513	binary	custom	TRUE	TRUE	FALSE	-100	999983	-1	0	31	412	TRUE	999983	0.0347716373760799	0.20015715148736	4996	1485	0.0307328815263572	0.0281781550226648	48.8152347890844	11429000	113
20220620 230639	binary	custom	TRUE	TRUE	FALSE	-100	999983	-1	0	31	944	TRUE	999983	0.0112010478612014	0.211582884824836	1006	1019	0.0125715548678558	73.6722929419407	35.6917056874181	11696000	114
20220620 230649	binary	custom	TRUE	TRUE	FALSE	-100	999983	-1	0	31	38	TRUE	999983	0.299721237274948	0.662337345195186	2158	623	0.0211974700226264	0.0707782586083944	87.0376114760568	12917000	115
20220620 230706	binary	custom	TRUE	TRUE	FALSE	-100	999983	-1	0	31	40	TRUE	999983	0.168930659806723	0.26659404767316	3709	502	0.0213833069360868	0.194335926015665	57.2247325760151	12615000	116
20220620 230721	binary	custom	TRUE	TRUE	FALSE	-100	999983	-1	0	31	93	TRUE	999983	0.133290483813508	0.751390803214608	5000	1349	0.0216191004692537	31.6000916856201	58.4988209001877	12182000	117
20220620 230830	binary	custom	TRUE	TRUE	FALSE	-100	999983	-1	0	31	225	TRUE	999983	0.010847473723499	0.377279549994027	1001	11	0.0110709072738688	16.923968518222	99.6749839888004	12709000	118
20220620 230850	binary	custom	TRUE	TRUE	FALSE	-100	999983	-1	0	31	45	TRUE	999983	0.0357234356103239	0.423964572082959	1026	104	0.00861349480152415	68.2021180419312	96.4528059210073	12113000	119
20220620 230858	binary	custom	TRUE	TRUE	FALSE	-100	999983	-1	0	31	14	TRUE	999983	0.233565219664866	0.200282936811273	3552	43	0.0126550325342299	39.4671641535049	53.0043120157556	11585000	120
20220620 230912	binary	custom	TRUE	TRUE	FALSE	-100	999983	-1	0	31	112	TRUE	999983	0.11263819496303	0.796660758795117	1910	13	0.0155180110114368	0.0833890243598273	88.4381075888723	13372000	121
20220620 230938	binary	custom	TRUE	TRUE	FALSE	-100	999983	-1	0	31	240	TRUE	999983	0.089458638845277	0.205410275159654	5000	510	0.012782180979003	4.72922170580225	4.04843210449855	13303000	122
20220620 230959	binary	custom	TRUE	TRUE	FALSE	-100	999983	-1	0	31	110	TRUE	999983	0.154208847384387	0.433672881083691	1906	1064	0.0157601503029632	0.00247180146457346	75.5359807975449	13380000	123
20220620 231030	binary	custom	TRUE	TRUE	FALSE	-100	999983	-1	0	31	268	TRUE	999983	0.028612146190398	0.776461590241035	1697	178	0.0125301889987108	0.0902975895672357	95.5160122554253	13010000	124
20220620 231041	binary	custom	TRUE	TRUE	FALSE	-100	999983	-1	0	31	50	TRUE	999983	0.164919829407243	0.806155072416216	3201	164	0.0167478632521548	0.0453835221282643	98.7042343801583	13136000	125
20220620 231047	binary	custom	TRUE	TRUE	FALSE	-100	999983	-1	0	31	18	TRUE	999983	0.299765745262431	0.791437808903316	1496	12	0.0167103166616271	40.8931397516538	91.2462970661976	12026000	126
20220620 231204	binary	custom	TRUE	TRUE	FALSE	-100	999983	-1	0	31	728	TRUE	999983	0.0238659531679453	0.23196656951524	1192	1109	0.0139362444461092	0.150430495070433	99.2408134845509	13638000	127
20220620 231322	binary	custom	TRUE	TRUE	FALSE	-100	999983	-1	0	31	548	TRUE	999983	0.0193405601629564	0.394612702148528	1287	1172	0.0139454858674813	0.0612339097826092	95.6228983194348	13510000	128
20220620 231406	binary	custom	TRUE	TRUE	FALSE	-100	999983	-1	0	31	280	TRUE	999983	0.02274584921249	0.202340924271449	1064	113	0.0110279643420981	2.40095119794765	17.999314112081	13127000	129
20220620 231513	binary	custom	TRUE	TRUE	FALSE	-100	999983	-1	0	31	339	TRUE	999983	0.0104589760143346	0.453974564958608	3620	1338	0.010864989388085	70.1469358047922	99.9324875707914	11848000	130
20220620 231607	binary	custom	TRUE	TRUE	FALSE	-100	999983	-1	0	31	481	TRUE	999983	0.0169986741416275	0.213348379851704	1040	1464	0.0232253620139472	28.0553754374782	99.9410738321395	12114000	131
20220620 231618	binary	custom	TRUE	TRUE	FALSE	-100	999983	-1	0	31	23	TRUE	999983	0.29968191424898	0.794576841916499	1093	1368	0.0219573197849071	0.29467925358464	24.4082176856611	12221000	132
20220620 231633	binary	custom	TRUE	TRUE	FALSE	-100	999983	-1	0	31	30	TRUE	999983	0.0525598902311528	0.234671353150154	1006	987	0.0108153494497206	9.28182838727662	99.948959910498	12533000	133
20220620 231822	binary	custom	TRUE	TRUE	FALSE	-100	999983	-1	0	31	1022	TRUE	999983	0.0102800735817704	0.201037823742425	1173	43	0.0146903762861104	10.5628999018378	75.8713110620508	13306000	134
20220620 231911	binary	custom	TRUE	TRUE	FALSE	-100	999983	-1	0	31	237	TRUE	999983	0.0296179772633775	0.487153486080532	1481	64	0.014669854270288	0.111469308009156	99.4790061567587	13419000	135
20220620 231919	binary	custom	TRUE	TRUE	FALSE	-100	999983	-1	0	31	15	TRUE	999983	0.297332767092021	0.219113032063885	1003	1321	0.0145675058555956	64.4674840570386	98.8883447850553	11495000	136
20220620 232023	binary	custom	TRUE	TRUE	FALSE	-100	999983	-1	0	31	605	TRUE	999983	0.0123389814244373	0.204444072049088	1574	24	0.0140588765874441	52.9233505025812	90.6039703064802	12122000	137
20220620 232037	binary	custom	TRUE	TRUE	FALSE	-100	999983	-1	0	31	45	TRUE	999983	0.152403774507585	0.324044642833889	3555	638	0.0125639170954249	0.0406044715393695	12.5161384382265	13278000	138
20220620 232047	binary	custom	TRUE	TRUE	FALSE	-100	999983	-1	0	31	42	TRUE	999983	0.104140716745289	0.784496826020718	1184	10	0.0154101921870675	0.0108138285152588	67.7086049421299	13011000	139
20220620 232313	binary	custom	TRUE	TRUE	FALSE	-100	999983	-1	0	31	1404	TRUE	999983	0.0101665945947598	0.201459630863586	1200	1130	0.014352113933922	0.367197398134751	65.2545154848724	13449000	140
20220620 232322	binary	custom	TRUE	TRUE	FALSE	-100	999983	-1	0	31	29	TRUE	999983	0.29997256662289	0.226483802172557	1502	1358	0.0167800691444505	21.5660064445161	5.75928721876452	11920000	141
20220620 232345	binary	custom	TRUE	TRUE	FALSE	-100	999983	-1	0	31	226	TRUE	999983	0.0381267849815287	0.853338149355395	2212	10	0.0152509171346173	0.00450125256000194	15.8589621976342	13235000	142
20220620 232352	binary	custom	TRUE	TRUE	FALSE	-100	999983	-1	0	31	40	TRUE	999983	0.239842849283374	0.873609221840194	2336	10	0.0225307626409758	26.0234860979603	23.8161351534415	12014000	143
20220620 232411	binary	custom	TRUE	TRUE	FALSE	-100	999983	-1	0	31	102	TRUE	999983	0.212131168459263	0.297936909147236	1002	1173	0.0169569376500763	0.152849330790022	73.8900706994524	13157000	144
20220620 232426	binary	custom	TRUE	TRUE	FALSE	-100	999983	-1	0	31	110	TRUE	999983	0.0669147002626926	0.958504246114123	2280	13	0.0359498245351691	0.0385741873643551	53.8287998916243	10801000	145
20220620 232524	binary	custom	TRUE	TRUE	FALSE	-100	999983	-1	0	31	396	TRUE	999983	0.0325205069064781	0.516762164007382	2248	65	0.0144786177140938	0.00229682540343205	75.4373090007895	13494000	146
20220620 232542	binary	custom	TRUE	TRUE	FALSE	-100	999983	-1	0	31	83	TRUE	999983	0.171817213167973	0.490348438653589	2125	99	0.0154504316076186	0.0879532247799055	82.5764766376372	13439000	147
20220620 232753	binary	custom	TRUE	TRUE	FALSE	-100	999983	-1	0	31	1834	TRUE	999983	0.0165769154768215	0.201818523345069	2223	10	0.0142524476546664	11.5585753151351	14.7155316855509	13351000	148
20220620 232808	binary	custom	TRUE	TRUE	FALSE	-100	999983	-1	0	31	103	TRUE	999983	0.168453044978014	0.738929676428313	2205	270	0.0163522386907671	0.0845095681055091	73.1826369706898	13234000	149
20220620 232823	binary	custom	TRUE	TRUE	FALSE	-100	999983	-1	0	31	69	TRUE	999983	0.213801300871818	0.383799767264758	4994	165	0.0165429403710531	0.0558891441825647	21.1496907511822	13133000	150
20220620 232833	binary	custom	TRUE	TRUE	FALSE	-100	999983	-1	0	31	61	TRUE	999983	0.0733556963999829	0.989299628981194	5000	955	0.00836510592696015	99.7698656233955	53.5576544615985	10294000	151
20220620 232855	binary	custom	TRUE	TRUE	FALSE	-100	999983	-1	0	31	137	TRUE	999983	0.149956912125392	0.906858770627853	3642	971	0.0179788619709079	0.033842404045723	73.3734505413806	12968000	152
20220620 233055	binary	custom	TRUE	TRUE	FALSE	-100	999983	-1	0	31	1463	TRUE	999983	0.0194312822907025	0.34956149688633	4999	699	0.0179570734297143	20.5641705446648	23.5700756621106	12806000	153
20220620 233105	binary	custom	TRUE	TRUE	FALSE	-100	999983	-1	0	31	11	TRUE	999983	0.232711213322615	0.467583913199485	1011	736	0.02132875098572	63.2336883635158	20.5143199183716	11590000	154
20220620 233135	binary	custom	TRUE	TRUE	FALSE	-100	999983	-1	0	31	191	TRUE	999983	0.0280251194802354	0.804640913938943	2711	1172	0.0148284158649289	0.0357885128718382	14.9839086355699	13352000	155
20220620 233151	binary	custom	TRUE	TRUE	FALSE	-100	999983	-1	0	31	52	TRUE	999983	0.171869277695801	0.457074927985456	1035	1442	0.014721397417889	0.0449970343047734	99.5947170825071	13356000	156
20220620 233210	binary	custom	TRUE	TRUE	FALSE	-100	999983	-1	0	31	113	TRUE	999983	0.100335475781616	0.968102535454051	1706	1497	0.0140642394443022	0.0264154897998004	22.0621390401256	13558000	157
20220620 233253	binary	custom	TRUE	TRUE	FALSE	-100	999983	-1	0	31	285	TRUE	999983	0.0189764477866567	0.975601556366866	1920	1473	0.0119210204054743	0.111218509627294	21.357192204039	12962000	158
20220620 233309	binary	custom	TRUE	TRUE	FALSE	-100	999983	-1	0	31	68	TRUE	999983	0.132288091399998	0.789031659234158	1176	1402	0.0144679620355653	0.0703357906964369	17.6254960003569	13162000	159
20220620 233326	binary	custom	TRUE	TRUE	FALSE	-100	999983	-1	0	31	41	TRUE	999983	0.22546025465299	0.473251699230692	2867	13	0.0205301747895936	20.4571266035307	67.8326327409336	13044000	160
20220620 233335	binary	custom	TRUE	TRUE	FALSE	-100	999983	-1	0	31	23	TRUE	999983	0.273444984426577	0.99885469054595	2210	1500	0.020227273479877	0.375991946212192	45.9881513446148	12499000	161
20220620 233526	binary	custom	TRUE	TRUE	FALSE	-100	999983	-1	0	31	1038	TRUE	999983	0.0103829379010984	0.200683177635304	2631	570	0.0148995706079107	0.0480854667706963	65.6873213183623	13317000	162
20220620 233612	binary	custom	TRUE	TRUE	FALSE	-100	999983	-1	0	31	323	TRUE	999983	0.0203819035865358	0.201222714279108	2242	61	0.0170351922047751	3.43142323681437	13.6388624886332	13446000	163
20220620 233648	binary	custom	TRUE	TRUE	FALSE	-100	999983	-1	0	31	258	TRUE	999983	0.0784921307527086	0.486895913024951	2778	21	0.0168583683113951	0.0596479843692455	85.4850675197382	13714000	164
20220620 233708	binary	custom	TRUE	TRUE	FALSE	-100	999983	-1	0	31	93	TRUE	999983	0.0946540903553092	0.488504834257075	2605	11	0.0167144897049274	2.62721460824295	93.1182724572534	13372000	165
20220620 233719	binary	custom	TRUE	TRUE	FALSE	-100	999983	-1	0	31	55	TRUE	999983	0.271791681857274	0.706807601198134	4784	1495	0.0291011398933933	0.115891174809157	13.1886836196537	11280000	166
20220620 233728	binary	custom	TRUE	TRUE	FALSE	-100	999983	-1	0	31	22	TRUE	999983	0.299473687938797	0.257799620183133	1031	1469	0.0299805127462999	23.189665292592	65.6792606508233	11445000	167
20220620 233833	binary	custom	TRUE	TRUE	FALSE	-100	999983	-1	0	31	371	TRUE	999983	0.016742892489879	0.443338095204249	2914	908	0.0168288761490108	0.202235744563192	76.5125127124412	13374000	168
20220620 233949	binary	custom	TRUE	TRUE	FALSE	-100	999983	-1	0	31	614	TRUE	999983	0.0234318067508491	0.447199277001227	4564	15	0.0168954826104891	3.44350514450767	71.8297010528372	13451000	169
20220620 234017	binary	custom	TRUE	TRUE	FALSE	-100	999983	-1	0	31	104	TRUE	999983	0.0770034978440232	0.480954659548937	4982	181	0.017166543136712	0.064606753647977	4.25410056490682	13361000	170
20220620 234034	binary	custom	TRUE	TRUE	FALSE	-100	999983	-1	0	31	89	TRUE	999983	0.0916815948557426	0.98559345816173	2096	1149	0.0151176044297184	0.190647864348865	20.3896194913643	13406000	171
20220620 234042	binary	custom	TRUE	TRUE	FALSE	-100	999983	-1	0	31	4	TRUE	999983	0.269275900612392	0.750839404140702	1479	1320	0.00834480958280327	77.8036082406618	99.900503949909	11131000	172
20220620 234058	binary	custom	TRUE	TRUE	FALSE	-100	999983	-1	0	31	112	TRUE	999983	0.112753506587139	0.201922596829979	3050	423	0.017164877949435	9.72461911073806	0.610661213968891	12930000	173
20220620 234110	binary	custom	TRUE	TRUE	FALSE	-100	999983	-1	0	31	31	TRUE	999983	0.250573617356643	0.475294282783357	3591	10	0.0170490228060739	0.0852077240216483	74.836720577643	13367000	174
20220620 234127	binary	custom	TRUE	TRUE	FALSE	-100	999983	-1	0	31	77	TRUE	999983	0.0830692691334116	0.935883362387759	1662	1280	0.0172349031784985	0.051603058890185	13.1407284799132	13335000	175
20220620 234350	binary	custom	TRUE	TRUE	FALSE	-100	999983	-1	0	31	1364	TRUE	999983	0.0121369721157011	0.502591455207323	4950	1093	0.0206554236102776	30.251373964534	97.0214850229937	12283000	176
20220620 234401	binary	custom	TRUE	TRUE	FALSE	-100	999983	-1	0	31	32	TRUE	999983	0.173472507110044	0.366861399775956	1730	11	0.00839562698740188	98.3032288669471	0.735610425120509	11292000	177
20220620 234410	binary	custom	TRUE	TRUE	FALSE	-100	999983	-1	0	31	11	TRUE	999983	0.202029482896699	0.477083641979642	3362	1455	0.0172015417770436	49.4953724966661	85.3949849725443	12271000	178
