fecha	objective	metric	first_metric_only	boost_from_average	feature_pre_filter	verbosity	seed	max_bin	num_iterations	force_row_wise	seed	learning_rate	feature_fraction	min_data_in_leaf	num_leaves	prob_corte	lambda_l1	lambda_l2	max_depth	min_gain_to_split	ganancia	iteracion
20220620 203031	binary	custom	TRUE	TRUE	TRUE	-100	999983	31	97	TRUE	999983	0.0591218161171613	0.659568886810707	3995	1378	0.0388195044453217	19.9498261234516	60.0564988446422	60	1.98276284597038	9971000	1
20220620 203036	binary	custom	TRUE	TRUE	TRUE	-100	999983	31	15	TRUE	999983	0.175736944590462	0.680258778891423	4843	1083	0.0263540996198706	30.8121172737123	39.1934947188323	66	2.78234420790492	11043000	2
20220620 203122	binary	custom	TRUE	TRUE	FALSE	-100	999983	31	13	TRUE	999983	0.215510345677483	0.346666573034599	3733	974	0.0141745763777484	48.663544058541	37.1655062778801	49	6.83803873615236	11349000	3
20220620 203128	binary	custom	TRUE	TRUE	FALSE	-100	999983	31	21	TRUE	999983	0.199703411327403	0.641316913782308	1228	957	0.0278848809917151	38.315669326241	76.6510190642698	30	2.69601368384125	10850000	4
20220620 203135	binary	custom	TRUE	TRUE	FALSE	-100	999983	31	37	TRUE	999983	0.108091857072884	0.827562949242484	4501	704	0.0343921988296508	33.2468467492921	62.1881646615091	86	6.40915347056256	8453000	5
20220620 203141	binary	custom	TRUE	TRUE	FALSE	-100	999983	31	16	TRUE	999983	0.229513362897431	0.603760437030966	3133	1321	0.0307009660599525	40.385776786651	79.1552062644364	38	5.06515424536903	10268000	6
20220620 203146	binary	custom	TRUE	TRUE	FALSE	-100	999983	31	17	TRUE	999983	0.235596812141464	0.654928005735079	5332	509	0.0199827041291024	30.5163476499729	74.8848766896925	82	6.98740393007433	10909000	7
20220620 203155	binary	custom	TRUE	TRUE	FALSE	-100	999983	31	20	TRUE	999983	0.176582075582636	0.394236286626094	2664	624	0.0318208120613471	54.0213951407673	60.0352290073513	24	5.34317174603024	2274000	8
20220620 203204	binary	custom	TRUE	TRUE	FALSE	-100	999983	31	30	TRUE	999983	0.16693346753503	0.547216214451732	6671	1238	0.0158163443562915	17.6528111591728	55.4174941589331	93	4.62398649723683	12077000	9
20220620 203211	binary	custom	TRUE	TRUE	FALSE	-100	999983	31	14	TRUE	999983	0.204580233667964	0.580163236298702	5761	882	0.0213076700772271	80.9571517502061	88.5976852312322	75	1.69982718762993	10419000	10
20220620 203237	binary	custom	TRUE	TRUE	FALSE	-100	999983	31	91	TRUE	999983	0.0412698997574626	0.500878515855099	4831	890	0.0225511411131636	44.167027422615	65.7122382965301	61	6.15882941444094	10718000	11
20220620 203242	binary	custom	TRUE	TRUE	FALSE	-100	999983	31	12	TRUE	999983	0.193409828304494	0.984255900673775	3409	1010	0.0189847763958689	66.2772245284739	47.815246881348	16	3.0009630810754	10572000	12
20220620 203252	binary	custom	TRUE	TRUE	FALSE	-100	999983	31	1	TRUE	999983	0.0559491559576579	0.221017777298888	3998	397	0.0424000626286013	60.12127207618	8.06852670373499	69	3.29775741078063	0	13
20220620 203300	binary	custom	TRUE	TRUE	FALSE	-100	999983	31	19	TRUE	999983	0.219864249362209	0.309951283875853	6013	1172	0.0256760338945983	51.4061689383299	46.2521155642915	44	7.46933285774301	9201000	14
20220620 203347	binary	custom	TRUE	TRUE	FALSE	-100	999983	31	201	TRUE	999983	0.0131075447044309	0.47488822733673	6465	1471	0.0127990291412937	83.3716543921683	40.9063720027916	46	5.69396932952158	10724000	15
20220620 203351	binary	custom	TRUE	TRUE	FALSE	-100	999983	31	1	TRUE	999983	0.27213279066187	0.732594567081994	4319	540	0.0392515518227743	73.8406631410018	71.9316777676189	33	2.1155368179057	0	16
20220620 203357	binary	custom	TRUE	TRUE	FALSE	-100	999983	31	1	TRUE	999983	0.0699306437508979	0.760770246603837	7192	368	0.0455107274972424	75.4608899400207	25.7030469766404	27	4.10668338150976	0	17
20220620 203403	binary	custom	TRUE	TRUE	FALSE	-100	999983	31	36	TRUE	999983	0.137319585992825	0.967521119821403	1697	467	0.0359987520127712	35.9953320326491	67.3426682588696	88	2.49759307467482	10274000	18
20220620 203407	binary	custom	TRUE	TRUE	FALSE	-100	999983	31	5	TRUE	999983	0.253891732933504	0.678328157552621	4985	1100	0.00931391024485627	86.8933343205653	84.954772392262	52	7.68113744264055	11424000	19
20220620 203415	binary	custom	TRUE	TRUE	FALSE	-100	999983	31	1	TRUE	999983	0.0456021948509927	0.949108259410908	3291	1377	0.047397595623355	45.0705553126884	23.470891718494	64	3.65791246767104	0	20
20220620 203423	binary	custom	TRUE	TRUE	FALSE	-100	999983	31	23	TRUE	999983	0.286042839443932	0.414898653933778	7788	1103	0.03964370419627	58.1044727399583	9.20226733950484	12	0.0611551526364767	3158000	21
20220620 203448	binary	custom	TRUE	TRUE	FALSE	-100	999983	31	135	TRUE	999983	0.0247845431711499	0.241319520647327	4226	760	0.018098746412175	68.4398184258801	51.7020147617182	100	0.744672881038342	10899000	22
20220620 203453	binary	custom	TRUE	TRUE	FALSE	-100	999983	31	24	TRUE	999983	0.181057304007506	0.735766229080036	7379	215	0.0439908736118081	9.54163967204901	21.033780142251	79	4.39794839670261	7083000	23
20220620 203500	binary	custom	TRUE	TRUE	FALSE	-100	999983	31	1	TRUE	999983	0.156556661708811	0.262021302369734	3544	648	0.0362135938143453	98.3511175449368	5.19882597857051	83	9.09020119521301	0	24
20220620 203505	binary	custom	TRUE	TRUE	FALSE	-100	999983	31	12	TRUE	999983	0.151231375030087	0.694218612876203	2798	808	0.0116150024182086	26.771821309295	1.84404504446623	29	8.72956052829977	11651000	25
20220620 203512	binary	custom	TRUE	TRUE	FALSE	-100	999983	31	55	TRUE	999983	0.0746638203172349	0.799696249416512	5546	1443	0.0238624679049718	3.54655178380199	57.8137963395824	56	9.68122293829866	11378000	26
20220620 203520	binary	custom	TRUE	TRUE	FALSE	-100	999983	31	1	TRUE	999983	0.120875531368333	0.359360561856172	7544	1053	0.0491552020952373	12.7733477643536	98.5993829206564	76	6.10759125349836	0	27
20220620 203531	binary	custom	TRUE	TRUE	FALSE	-100	999983	31	41	TRUE	999983	0.099991550387931	0.319876727653253	6130	824	0.0409415550676015	16.1829513956844	17.1754622864278	21	8.1777154321834	6763000	28
20220620 203537	binary	custom	TRUE	TRUE	FALSE	-100	999983	31	1	TRUE	999983	0.248436698979866	0.439703367045149	1515	738	0.0452691347387844	93.3605436526705	12.6256651257993	71	0.532698252678124	0	29
20220620 203547	binary	custom	TRUE	TRUE	FALSE	-100	999983	31	22	TRUE	999983	0.145842583410106	0.573145900470101	2480	1269	0.0139094403176353	20.8141334154384	95.2550059792379	60	1.23763827762256	12685000	30
20220620 203551	binary	custom	TRUE	TRUE	FALSE	-100	999983	31	14	TRUE	999983	0.275937084436688	0.861773663929974	2295	445	0.0302708379329825	6.76135472410048	34.9291183416628	66	9.31493990123272	10413000	31
20220620 203556	binary	custom	TRUE	TRUE	FALSE	-100	999983	31	1	TRUE	999983	0.0969828951667296	0.88666478655715	6366	336	0.0337796358759213	95.7222128209347	92.707486591664	97	7.80103364480763	0	32
20220620 203603	binary	custom	TRUE	TRUE	FALSE	-100	999983	31	11	TRUE	999983	0.259918738793802	0.529026916033278	6884	240	0.0100775402790599	62.2236046758998	32.6920060906559	35	3.43776393972803	11231000	33
20220620 203612	binary	custom	TRUE	TRUE	FALSE	-100	999983	31	1	TRUE	999983	0.0864333681103178	0.27969616491658	1140	1313	0.0290022807043257	69.9036822925943	81.8904467599673	54	9.89928073883574	0	34
20220620 203620	binary	custom	TRUE	TRUE	FALSE	-100	999983	31	58	TRUE	999983	0.0591825293942303	0.909088336422833	2099	308	0.0264423003168001	79.3829230992641	90.2459262812044	14	4.80249350398986	1084000	35
20220620 203625	binary	custom	TRUE	TRUE	FALSE	-100	999983	31	18	TRUE	999983	0.123416121157417	0.91444228158022	5242	1419	0.0170413065393438	89.2762163485814	16.06180088905	95	1.54457715896165	10282000	36
20220620 203629	binary	custom	TRUE	TRUE	FALSE	-100	999983	31	1	TRUE	999983	0.297294306514604	0.811080975830555	7830	1186	0.0482781202445578	24.9725263177728	42.4602918171634	17	8.55064703979426	0	37
20220620 203714	binary	custom	TRUE	TRUE	FALSE	-100	999983	31	351	TRUE	999983	0.0305573612594485	0.462424064303438	1953	572	0.0375805903052592	0.101120323072084	28.5263885200645	42	1.03542985834388	10287000	38
20220620 203722	binary	custom	TRUE	TRUE	FALSE	-100	999983	31	39	TRUE	999983	0.223026226725532	0.866572376252674	3384	1108	0.0234238085270281	6.39180547624442	66.6332846862832	60	0.267681281148252	12310000	39
20220620 203729	binary	custom	TRUE	TRUE	FALSE	-100	999983	31	22	TRUE	999983	0.201166101722246	0.614793729101765	3915	1373	0.0214220885371299	8.77578767619825	39.3415773553876	42	2.70887148208194	12187000	40
20220620 203736	binary	custom	TRUE	TRUE	FALSE	-100	999983	31	44	TRUE	999983	0.21805208047232	0.771461089113797	5267	1468	0.022559571385497	37.24969349491	77.8856220424269	65	0.0929695524124014	11404000	41
20220620 203742	binary	custom	TRUE	TRUE	FALSE	-100	999983	31	20	TRUE	999983	0.216076694619402	0.901242281892742	1284	1143	0.0307828065791612	3.73184307841801	42.6881651357196	80	2.17400121161053	11535000	42
20220620 203749	binary	custom	TRUE	TRUE	FALSE	-100	999983	31	32	TRUE	999983	0.158725683207717	0.655506801056255	4122	988	0.0140409511815855	25.6911530267984	68.1822542415779	48	2.75287339891251	12116000	43
20220620 203801	binary	custom	TRUE	TRUE	FALSE	-100	999983	31	104	TRUE	999983	0.0987014158719682	0.652628997296537	1835	1002	0.0250929275301539	0.386128855772559	71.6343092338344	95	0.655864990107775	12641000	44
20220620 203811	binary	custom	TRUE	TRUE	FALSE	-100	999983	31	18	TRUE	999983	0.241976873244845	0.434627807255151	2789	1329	0.0259103566298012	16.3107407610502	73.1763229901184	61	3.30182759949355	12237000	45
20220620 203833	binary	custom	TRUE	TRUE	FALSE	-100	999983	31	158	TRUE	999983	0.031758650316506	0.595846287234183	6883	630	0.0212739796999543	0.206862742084397	22.0215018226984	65	5.38109636127066	12269000	46
20220620 203839	binary	custom	TRUE	TRUE	FALSE	-100	999983	31	15	TRUE	999983	0.260248771096349	0.655042931369343	1679	1352	0.0245710958492106	9.34709419393762	84.4203230725867	43	2.77802632530157	12058000	47
20220620 203919	binary	custom	TRUE	TRUE	FALSE	-100	999983	31	259	TRUE	999983	0.0182350601742587	0.578151500245081	2388	993	0.0181762689185828	15.2491372262058	61.1680171189385	84	0.802906118974589	12692000	48
20220620 203928	binary	custom	TRUE	TRUE	FALSE	-100	999983	31	7	TRUE	999983	0.13433456089298	0.571007701590613	2528	1108	0.00970331843857327	48.8452197398382	61.9985371232486	91	1.438984532983	12321000	49
20220620 203936	binary	custom	TRUE	TRUE	FALSE	-100	999983	31	29	TRUE	999983	0.169122664834624	0.623956101712739	6227	1031	0.026136155452236	0.183780595030834	21.5408296707473	40	7.16010194081216	11686000	50
20220620 203944	binary	custom	TRUE	TRUE	FALSE	-100	999983	31	22	TRUE	999983	0.166515767863543	0.592239335961515	3382	981	0.0186595788158512	36.321032562627	50.8551616344733	73	2.28177576069891	11895000	51
20220620 204018	binary	custom	TRUE	TRUE	FALSE	-100	999983	31	136	TRUE	999983	0.0197779900520621	0.45458839477851	5499	970	0.010661801940999	25.7703464997746	93.795817554178	90	0.861488097456803	11855000	52
20220620 204039	binary	custom	TRUE	TRUE	FALSE	-100	999983	31	82	TRUE	999983	0.0405006751412788	0.554618563710142	2214	1218	0.0118283033703448	0.526540118519491	79.7944605949889	88	7.26426138518417	12551000	53
20220620 204123	binary	custom	TRUE	TRUE	FALSE	-100	999983	31	255	TRUE	999983	0.0303604722665007	0.488082213091669	3630	1088	0.021567594588415	0.0862012331961051	80.7177180791874	42	0.985591495284027	12710000	54
20220620 204157	binary	custom	TRUE	TRUE	FALSE	-100	999983	31	209	TRUE	999983	0.0581746544052759	0.407044564637904	2212	1233	0.0112798896315159	0.667414818768721	26.2688331932389	60	0.628677223892562	12915000	55
20220620 204245	binary	custom	TRUE	TRUE	FALSE	-100	999983	31	217	TRUE	999983	0.0136252663197322	0.499888531636294	4474	697	0.00966104614351538	4.52023320259987	24.9111100124198	91	6.23877196794597	11738000	56
20220620 204251	binary	custom	TRUE	TRUE	FALSE	-100	999983	31	25	TRUE	999983	0.193009927883223	0.700698565451829	6705	1050	0.0125075825200731	69.3960132233289	88.7706998405286	88	0.837133450847181	11413000	57
20220620 204306	binary	custom	TRUE	TRUE	FALSE	-100	999983	31	66	TRUE	999983	0.0949910203144809	0.389137108891874	2480	1046	0.0146488280973625	2.58085898451742	73.3477275482709	76	1.14388611933784	13236000	58
20220620 204311	binary	custom	TRUE	TRUE	FALSE	-100	999983	31	10	TRUE	999983	0.247337504158122	0.964960028565284	2389	1255	0.00834940578835301	49.974584096887	23.136139885328	31	3.73819649182591	10092000	59
20220620 204329	binary	custom	TRUE	TRUE	FALSE	-100	999983	31	102	TRUE	999983	0.0991975706486232	0.324721658483486	1429	1056	0.0106237961715869	3.11158189510209	80.7898482485277	28	0.199131646405668	12788000	60
20220620 204337	binary	custom	TRUE	TRUE	FALSE	-100	999983	31	47	TRUE	999983	0.239659926151692	0.933916204968008	1597	276	0.0355171735326221	0.0514286039877264	84.943005055053	100	0.537911939115043	10831000	61
20220620 204401	binary	custom	TRUE	TRUE	FALSE	-100	999983	31	116	TRUE	999983	0.0518320090411931	0.412715371832977	4416	987	0.0157083597062275	0.0231893416719794	17.132090587	16	0.774245306502314	13458000	62
20220620 204428	binary	custom	TRUE	TRUE	FALSE	-100	999983	31	115	TRUE	999983	0.0642002801673281	0.496052686351002	1193	830	0.0150123830782662	1.36187775324451	24.5659025679577	22	0.0342666802454882	13354000	63
20220620 204457	binary	custom	TRUE	TRUE	FALSE	-100	999983	31	177	TRUE	999983	0.0519064708853775	0.303714545980054	2720	613	0.0108464075240652	0.273331004878733	8.62257036555796	29	0.00188542989425731	13077000	64
20220620 204528	binary	custom	TRUE	TRUE	FALSE	-100	999983	31	244	TRUE	999983	0.0521347477714392	0.425667790822924	2644	1052	0.013638016407506	0.104156649092432	31.6211247984623	10	0.841445498604897	13666000	65
20220620 204546	binary	custom	TRUE	TRUE	FALSE	-100	999983	31	48	TRUE	999983	0.0513138981072042	0.469839531171226	2512	1003	0.0151971126021336	0.36759478870379	0.280523759189365	21	2.38297911891956	13158000	66
20220620 204610	binary	custom	TRUE	TRUE	FALSE	-100	999983	31	229	TRUE	999983	0.0594491719401074	0.228788229567998	7482	745	0.0138619488167143	2.21219494166954	36.824999027903	14	1.5054924066743	12689000	67
20220620 204624	binary	custom	TRUE	TRUE	FALSE	-100	999983	31	53	TRUE	999983	0.117274211042396	0.403149518461647	2922	917	0.013230128235135	8.07494085422243	7.35088997859103	10	0.0143300807597389	13201000	68
20220620 204753	binary	custom	TRUE	TRUE	FALSE	-100	999983	31	920	TRUE	999983	0.0186706601539014	0.206419811881345	2674	1221	0.0143072294365981	0.348415507821075	52.7761899287573	30	0.105164591422295	13222000	69
20220620 204802	binary	custom	TRUE	TRUE	FALSE	-100	999983	31	37	TRUE	999983	0.194517306799809	0.203930060864103	6689	937	0.010974834683298	0.422091645302138	10.4515773292446	12	9.98942300097195	11519000	70
20220620 204826	binary	custom	TRUE	TRUE	FALSE	-100	999983	31	201	TRUE	999983	0.0481257008988238	0.815532039417411	2901	749	0.0136836586936472	0.505909103158695	53.7844538858706	30	0.0287199465138975	13270000	71
20220620 204914	binary	custom	TRUE	TRUE	FALSE	-100	999983	31	369	TRUE	999983	0.0129940519172216	0.825972188594759	2988	881	0.022791756057421	0.0787099839519066	17.161368454123	20	0.647800980131467	12312000	72
20220620 204927	binary	custom	TRUE	TRUE	FALSE	-100	999983	31	61	TRUE	999983	0.160394734906492	0.209598941829331	7761	554	0.0146882133011156	1.63959188075693	0.266513543083288	90	0.0106596246309618	13002000	73
20220620 204947	binary	custom	TRUE	TRUE	FALSE	-100	999983	31	161	TRUE	999983	0.0874232709768425	0.213223461589276	6011	444	0.0148046362873115	0.730181747045169	28.1664384154535	88	0.614690294111692	13059000	74
20220620 204954	binary	custom	TRUE	TRUE	FALSE	-100	999983	31	19	TRUE	999983	0.291236824193485	0.202600664194186	6373	779	0.0106737625580083	94.3048440474432	8.14135999406719	100	0.89132344715124	10955000	75
20220620 205017	binary	custom	TRUE	TRUE	FALSE	-100	999983	31	109	TRUE	999983	0.0556625565161447	0.504219327122463	1575	553	0.0124384958753826	12.0258084012454	50.681479928284	100	0.0933651215277324	13194000	76
20220620 205030	binary	custom	TRUE	TRUE	FALSE	-100	999983	31	81	TRUE	999983	0.109378843352784	0.206391042910407	7149	922	0.0165491284956886	33.3365476878162	0.293770858833696	37	0.400930172721849	12014000	77
20220620 205101	binary	custom	TRUE	TRUE	FALSE	-100	999983	31	231	TRUE	999983	0.0341235230995194	0.991666460308344	2232	336	0.01352987013904	0.134259127239117	13.6082750286036	58	0.0339680929995017	13422000	78
20220620 205120	binary	custom	TRUE	TRUE	FALSE	-100	999983	31	66	TRUE	999983	0.0918417508103151	0.557679050233641	2437	405	0.014374466818906	0.939064862623832	3.22561315163774	100	0.0168262037129338	13514000	79
20220620 205210	binary	custom	TRUE	TRUE	FALSE	-100	999983	31	343	TRUE	999983	0.0226381734862	0.546265652911772	2625	520	0.0137692965559409	11.0617818770358	12.195482163199	68	0.0278907988510562	13368000	80
20220620 205226	binary	custom	TRUE	TRUE	FALSE	-100	999983	31	43	TRUE	999983	0.207041979476298	0.67011232665732	3115	1382	0.0282654180596758	0.242969739573848	75.6800318943357	26	0.074878855852431	11617000	81
20220620 205236	binary	custom	TRUE	TRUE	FALSE	-100	999983	31	31	TRUE	999983	0.0939985034687827	0.900999519249958	7174	212	0.0172410980596613	0.0370158522704267	0.568299452686064	97	0.171898119444936	12879000	82
20220620 205242	binary	custom	TRUE	TRUE	FALSE	-100	999983	31	12	TRUE	999983	0.236280490138066	0.96217849305659	5101	689	0.0151566233303618	0.105652980454237	1.62247267945442	91	9.04938254537132	11958000	83
20220620 205253	binary	custom	TRUE	TRUE	FALSE	-100	999983	31	25	TRUE	999983	0.230158968767899	0.490683033433341	6794	207	0.0139617674412019	0.116576756068041	0.363835203378527	42	0.350547796846863	12631000	84
20220620 205313	binary	custom	TRUE	TRUE	FALSE	-100	999983	31	112	TRUE	999983	0.0457969835067297	0.876726171745615	3165	802	0.0140050327952894	0.287881425196636	12.5719204184488	24	0.0147026675626767	13054000	85
20220620 205331	binary	custom	TRUE	TRUE	FALSE	-100	999983	31	76	TRUE	999983	0.0551632608001337	0.477467962244739	4824	1418	0.0148024263662055	0.0127992977531975	60.6279152331527	10	6.73325756392121	12138000	86
20220620 205345	binary	custom	TRUE	TRUE	FALSE	-100	999983	31	49	TRUE	999983	0.0970879245148965	0.452449618329138	7936	201	0.0140294493377024	3.30458270486548	1.48986870547145	100	5.36429275349511	12583000	87
20220620 205411	binary	custom	TRUE	TRUE	FALSE	-100	999983	31	179	TRUE	999983	0.0388974610496995	0.979595935134106	1319	830	0.0133131816303497	0.113044714421362	61.2505621407563	64	0.168154066569757	12861000	88
20220620 205420	binary	custom	TRUE	TRUE	FALSE	-100	999983	31	50	TRUE	999983	0.106928037319392	0.776640112666654	4500	203	0.0232132267201857	0.1647502049032	0.620428036567185	98	1.08418059681698	12069000	89
20220620 205428	binary	custom	TRUE	TRUE	FALSE	-100	999983	31	27	TRUE	999983	0.2792955756718	0.211599704555881	3798	1434	0.0087340060722729	4.25928637618188	95.7345757881953	100	7.10841709221091	11256000	90
20220620 205449	binary	custom	TRUE	TRUE	FALSE	-100	999983	31	58	TRUE	999983	0.230995480929921	0.508535657538048	2147	682	0.0113608129964898	0.178509711440701	92.4315328164457	100	0.0169449228913526	12809000	91
20220620 205515	binary	custom	TRUE	TRUE	FALSE	-100	999983	31	129	TRUE	999983	0.0606054618089814	0.467503263611442	2590	711	0.0135778609064983	0.14549036777614	30.7505749193513	23	0.0340952809504606	13373000	92
20220620 205523	binary	custom	TRUE	TRUE	FALSE	-100	999983	31	6	TRUE	999983	0.238051896718888	0.547707924282131	1001	202	0.0112577883138373	0.299369037480077	1.48780168286706	98	7.5432799568977	11586000	93
20220620 205531	binary	custom	TRUE	TRUE	FALSE	-100	999983	31	58	TRUE	999983	0.102352877084731	0.949498321762645	3825	1089	0.0275718703570025	0.970134772278624	74.9436679145636	100	3.92671795014144	11357000	94
20220620 205547	binary	custom	TRUE	TRUE	FALSE	-100	999983	31	74	TRUE	999983	0.07458896595237	0.600575022283328	6374	223	0.0124335996167675	0.128522022955898	0.781642337504651	76	0.711180464212328	12796000	95
20220620 205557	binary	custom	TRUE	TRUE	FALSE	-100	999983	31	18	TRUE	999983	0.0619172770525107	0.626895258937585	1329	326	0.00841680169578084	7.97764782194867	98.8899002117787	96	3.25255809714165	12296000	96
20220620 205602	binary	custom	TRUE	TRUE	FALSE	-100	999983	31	12	TRUE	999983	0.299978857431982	0.984075160830031	7926	1042	0.0165802862343932	22.7119704654396	13.5696895488942	10	9.24630724128479	10864000	97
20220620 205617	binary	custom	TRUE	TRUE	FALSE	-100	999983	31	60	TRUE	999983	0.0812258673654921	0.371614827155604	7929	1019	0.0225647867546292	0.487623616643073	75.9737363399424	91	3.1121756420348	12264000	98
20220620 205643	binary	custom	TRUE	TRUE	FALSE	-100	999983	31	289	TRUE	999983	0.0249171341220622	0.787638548798833	1557	284	0.0149480423694163	0.0747071367933241	17.5977829606417	59	1.22187745505684	13300000	99
20220620 205650	binary	custom	TRUE	TRUE	FALSE	-100	999983	31	51	TRUE	999983	0.0917972179980508	0.972583619754433	7992	204	0.00982996812541128	0.0948670610453532	68.1559459098501	69	8.13958794456039	11370000	100
20220620 205658	binary	custom	TRUE	TRUE	FALSE	-100	999983	31	10	TRUE	999983	0.286447082151618	0.248978402322428	7995	881	0.00838032683517369	84.903921206655	90.539898363691	100	9.34595870398387	10099000	101
20220620 205741	binary	custom	TRUE	TRUE	FALSE	-100	999983	31	331	TRUE	999983	0.0192698636275828	0.94671628825787	1813	304	0.0113550937238226	0.201798004283904	43.5010333846915	20	0.0292684860869951	12880000	102
20220620 205747	binary	custom	TRUE	TRUE	FALSE	-100	999983	31	11	TRUE	999983	0.173998057886539	0.973114225895042	2593	203	0.013592841610755	16.7825743852273	9.36357294738857	100	1.7329942063622	11927000	103
20220620 205814	binary	custom	TRUE	TRUE	FALSE	-100	999983	31	168	TRUE	999983	0.0741702998671131	0.470717482056099	7962	414	0.0155537573173771	0.850869562009745	34.8929017797808	80	0.208536073442152	13572000	104
20220620 205828	binary	custom	TRUE	TRUE	FALSE	-100	999983	31	109	TRUE	999983	0.0874849612565437	0.698972187597662	7954	206	0.015328836881671	0.665321937677146	23.5203211671454	48	0.0454729397405715	13505000	105
20220620 205850	binary	custom	TRUE	TRUE	FALSE	-100	999983	31	107	TRUE	999983	0.0717329709120946	0.482727490480757	7650	465	0.0158111162828554	0.176798681040292	13.7449476434264	61	0.0226298292037594	13430000	106
20220620 205905	binary	custom	TRUE	TRUE	FALSE	-100	999983	31	63	TRUE	999983	0.174825622559355	0.544592710288216	7994	200	0.0161374648392817	1.3110717992609	21.4239251709601	90	0.0941391030777408	13527000	107
20220620 205924	binary	custom	TRUE	TRUE	FALSE	-100	999983	31	110	TRUE	999983	0.115055654254849	0.455207737582208	7957	205	0.0162254440162194	1.66321246293154	46.3701514296361	59	0.0457376970512845	13563000	108
20220620 205955	binary	custom	TRUE	TRUE	FALSE	-100	999983	31	234	TRUE	999983	0.0911042667201534	0.507323201448197	7403	200	0.0153004805190708	2.0322428152869	52.5977888781503	93	0.0608639921684299	13507000	109
20220620 210026	binary	custom	TRUE	TRUE	FALSE	-100	999983	31	241	TRUE	999983	0.0858278737985969	0.455492853938283	7586	275	0.0209378620669813	0.519041598459761	35.2996614458301	91	0.0742260496782658	12968000	110
20220620 210044	binary	custom	TRUE	TRUE	FALSE	-100	999983	31	97	TRUE	999983	0.152858016154129	0.474728699065448	7991	206	0.00851155087235097	0.0846870636979682	49.6702920834005	10	0.0106783256173524	11404000	111
20220620 210140	binary	custom	TRUE	TRUE	FALSE	-100	999983	31	650	TRUE	999983	0.011207439074644	0.632222259402564	7615	951	0.017399637677081	5.16824850661559	54.20846147324	12	0.845026402771999	12676000	112
20220620 210151	binary	custom	TRUE	TRUE	FALSE	-100	999983	31	31	TRUE	999983	0.259081110951038	0.268246096583031	7963	744	0.0159315102625781	0.310080492218595	40.8289503121349	56	0.0970664145669494	13269000	113
20220620 210201	binary	custom	TRUE	TRUE	FALSE	-100	999983	31	34	TRUE	999983	0.289177656270116	0.37366162444573	7965	231	0.0153604098867848	0.905035907908883	25.1114989778958	69	0.658047054438866	12998000	114
20220620 210214	binary	custom	TRUE	TRUE	FALSE	-100	999983	31	52	TRUE	999983	0.259197454035088	0.333042628221821	3174	1100	0.0151187918653899	2.80398608750614	99.8701736684561	10	0.0196172427246312	13242000	115
20220620 210226	binary	custom	TRUE	TRUE	FALSE	-100	999983	31	67	TRUE	999983	0.256933547505899	0.236674323583356	5572	1202	0.0156174074982208	44.5780753647271	86.7382137791082	10	0.0106758281107731	11791000	116
20220620 210241	binary	custom	TRUE	TRUE	FALSE	-100	999983	31	31	TRUE	999983	0.243927601508681	0.36655814360664	2560	1093	0.0155726909636662	2.27267792919908	32.7024085612357	10	1.49693414653714	12732000	117
20220620 210249	binary	custom	TRUE	TRUE	FALSE	-100	999983	31	5	TRUE	999983	0.228215924477141	0.563421658515967	2722	1000	0.0111614488107175	4.02084386779034	99.8446831866546	36	9.42271904633009	12274000	118
20220620 210301	binary	custom	TRUE	TRUE	FALSE	-100	999983	31	60	TRUE	999983	0.15271081218962	0.6005551085425	7704	431	0.0157623311726769	0.165634835664807	43.409148927181	61	0.772556376935953	13303000	119
20220620 210319	binary	custom	TRUE	TRUE	FALSE	-100	999983	31	191	TRUE	999983	0.0410791601564342	0.776622139492732	2809	224	0.0143938233881632	1.07999189371001	96.218680922096	99	0.812450822132481	13227000	120
20220620 210329	binary	custom	TRUE	TRUE	FALSE	-100	999983	31	26	TRUE	999983	0.226873462681607	0.392552888326238	7988	977	0.0164362575267171	0.0283130012448504	48.9346444797738	67	8.20135561657913	12050000	121
20220620 210345	binary	custom	TRUE	TRUE	FALSE	-100	999983	31	44	TRUE	999983	0.0571805772357362	0.507664226840031	2595	929	0.0135973424282708	1.20177929586042	99.4081431358589	99	3.03166279847736	12632000	122
20220620 210408	binary	custom	TRUE	TRUE	FALSE	-100	999983	31	198	TRUE	999983	0.0619272334604452	0.701451064980528	2384	248	0.0142417317764962	0.130040579473649	56.2956809941187	74	0.0135344508516634	13312000	123
20220620 210436	binary	custom	TRUE	TRUE	FALSE	-100	999983	31	138	TRUE	999983	0.0511607427169496	0.564250715367101	2297	1048	0.0150114350568384	0.569797831339964	75.96902432497	10	0.0163419312126374	13347000	124
20220620 210448	binary	custom	TRUE	TRUE	FALSE	-100	999983	31	73	TRUE	999983	0.0436761462789199	0.90012927722219	2637	277	0.00833396488630834	94.9293536668194	87.1019473392601	98	0.0179072840508136	10903000	125
20220620 210500	binary	custom	TRUE	TRUE	FALSE	-100	999983	31	87	TRUE	999983	0.0904952357462372	0.933048343156863	7374	238	0.0149391897745299	1.33784903801067	98.0109303883092	45	0.0154446334538928	12903000	126
20220620 210519	binary	custom	TRUE	TRUE	FALSE	-100	999983	31	129	TRUE	999983	0.192361540070395	0.284324484281553	2360	814	0.0155525640342703	3.94741817821544	99.9259658186846	60	0.0166545743202908	13371000	127
20220620 210531	binary	custom	TRUE	TRUE	FALSE	-100	999983	31	64	TRUE	999983	0.247143097697094	0.475323867775981	2878	938	0.022465639397856	21.3451756020357	99.9467061810301	100	0.0244114779425786	13086000	128
20220620 210543	binary	custom	TRUE	TRUE	FALSE	-100	999983	31	66	TRUE	999983	0.292771035423801	0.232217350992687	1233	963	0.0149574387570677	26.4937028598376	96.2367642906908	100	0.0068293436738092	12667000	129
20220620 210603	binary	custom	TRUE	TRUE	FALSE	-100	999983	31	155	TRUE	999983	0.0147615291727148	0.936898699176236	2647	1135	0.014107255651479	6.63895839009392	26.2491959721902	98	9.98655286659043	12197000	130
20220620 210617	binary	custom	TRUE	TRUE	FALSE	-100	999983	31	40	TRUE	999983	0.200523155161121	0.365692604731188	1065	784	0.0214153862776954	3.21494472761638	77.6690069684145	100	0.00535908933782301	13469000	131
20220620 210634	binary	custom	TRUE	TRUE	FALSE	-100	999983	31	76	TRUE	999983	0.181442604274399	0.411732877729844	1037	770	0.0160893621789134	1.32393478145454	90.9950167902984	99	0.00845798209957971	13255000	132
20220620 210645	binary	custom	TRUE	TRUE	FALSE	-100	999983	31	37	TRUE	999983	0.21615805238274	0.229185378791791	2667	905	0.0215319760308133	4.32587404085798	74.221768568345	100	0.0030562116286405	12632000	133
20220620 210656	binary	custom	TRUE	TRUE	FALSE	-100	999983	31	41	TRUE	999983	0.251326992750033	0.546529511454425	1015	817	0.0231664027934755	21.8211572398593	78.8392209687537	92	0.0166135547881995	12567000	134
20220620 210716	binary	custom	TRUE	TRUE	FALSE	-100	999983	31	99	TRUE	999983	0.0781992900744041	0.280246840592332	2353	1018	0.0148331367934663	0.0167156477640942	38.9609385525069	10	0.0533864631755797	13009000	135
20220620 210917	binary	custom	TRUE	TRUE	FALSE	-100	999983	31	1030	TRUE	999983	0.0111789037339841	0.448170427540893	2797	1061	0.0134078781485902	0.029901738967234	61.1836948074415	26	0.773993664979315	13498000	136
20220620 210940	binary	custom	TRUE	TRUE	FALSE	-100	999983	31	112	TRUE	999983	0.0418004313351535	0.994170422693614	1014	398	0.0210091775533321	0.119621039862294	42.9163185048463	56	0.0102415261365193	12873000	137
20220620 210953	binary	custom	TRUE	TRUE	FALSE	-100	999983	31	41	TRUE	999983	0.184747465242244	0.41353744113655	1058	955	0.0211755315474857	0.525532901528773	96.8390549853927	71	0.190846503290418	12892000	138
20220620 211116	binary	custom	TRUE	TRUE	FALSE	-100	999983	31	963	TRUE	999983	0.0129349851744367	0.998996051554983	2903	374	0.0146268905266356	0.00436386753333244	73.8575342202152	48	0.0309211094812646	13461000	139
20220620 211127	binary	custom	TRUE	TRUE	FALSE	-100	999983	31	72	TRUE	999983	0.051970463746108	0.983333035439631	1060	241	0.0211487273575633	0.800905757261159	20.5035465352567	100	5.80736436732419	11617000	140
20220620 211138	binary	custom	TRUE	TRUE	FALSE	-100	999983	31	53	TRUE	999983	0.25534049835933	0.321954897800033	8000	309	0.0159552361906877	6.94466170746438	97.6994524352387	97	1.43686962780979	12576000	141
20220620 211220	binary	custom	TRUE	TRUE	FALSE	-100	999983	31	372	TRUE	999983	0.0389828894058424	0.370424363591874	2431	217	0.0122605531806021	13.4715778627643	98.359967345772	62	0.124504636637178	12877000	142
20220620 211228	binary	custom	TRUE	TRUE	FALSE	-100	999983	31	3	TRUE	999983	0.299926952901294	0.341312584622543	3100	1107	0.00944072904170683	67.5662980216682	99.7362007961923	53	0.389320601676131	11443000	143
20220620 211358	binary	custom	TRUE	TRUE	FALSE	-100	999983	31	556	TRUE	999983	0.0118202693880996	0.45473277948995	2617	1268	0.0137484036241322	1.75065741068882	30.8944611402897	10	0.330960970930725	13501000	144
20220620 211454	binary	custom	TRUE	TRUE	FALSE	-100	999983	31	385	TRUE	999983	0.0372003984133398	0.405151421914757	3147	1104	0.0143003248242726	2.01260859224318	79.0359887276837	29	0.0219742493664657	13467000	145
20220620 211528	binary	custom	TRUE	TRUE	FALSE	-100	999983	31	160	TRUE	999983	0.0221845077231264	0.369275601439431	1065	1084	0.0126882474483915	0.909346934098913	30.8317640440014	10	2.29925020088903	13260000	146
20220620 211540	binary	custom	TRUE	TRUE	FALSE	-100	999983	31	59	TRUE	999983	0.198305607674836	0.397464471951933	7822	971	0.0153834638150877	0.171365500471455	24.803103416979	42	1.34754241335128	13126000	147
20220620 211559	binary	custom	TRUE	TRUE	FALSE	-100	999983	31	120	TRUE	999983	0.197076488289444	0.386500814805775	7873	757	0.0159650380120285	3.35170301404287	65.2688953513541	53	0.0117604127436107	13186000	148
20220620 211740	binary	custom	TRUE	TRUE	FALSE	-100	999983	31	795	TRUE	999983	0.0125018886321216	0.468626344449939	3146	1101	0.0135818041742923	0.0236777531543793	31.0156878812874	10	0.897071997166403	13477000	149
20220620 211836	binary	custom	TRUE	TRUE	FALSE	-100	999983	31	424	TRUE	999983	0.0393836035944885	0.395151964850725	1659	1086	0.0140959454162273	2.36916834178428	56.3768552777761	41	0.0270784365889197	13551000	150
20220620 211905	binary	custom	TRUE	TRUE	FALSE	-100	999983	31	183	TRUE	999983	0.0423988846778523	0.430307250149093	2682	1099	0.0136511347190014	10.2119673732518	47.8230048242314	15	0.975340537360266	12846000	151
20220620 211932	binary	custom	TRUE	TRUE	FALSE	-100	999983	31	251	TRUE	999983	0.0424941239717717	0.957779589576264	4725	202	0.0163222633678162	4.97742243576948	78.9333573170589	69	0.0450260446641545	12974000	152
20220620 211954	binary	custom	TRUE	TRUE	FALSE	-100	999983	31	23	TRUE	999983	0.0311161109178363	0.417354688886521	2029	230	0.00999256085701902	40.0905661398177	13.2288941701445	98	0.0626795528824863	12286000	153
20220620 212013	binary	custom	TRUE	TRUE	FALSE	-100	999983	31	73	TRUE	999983	0.145909380591884	0.345567340326312	7997	298	0.0153166780545018	42.8265309476887	42.5199857220798	97	0.100710475460509	11942000	154
20220620 212153	binary	custom	TRUE	TRUE	FALSE	-100	999983	31	1054	TRUE	999983	0.0112114457519141	0.724132962387507	2420	438	0.013183551144491	0.0172746735919804	74.2114330301046	54	0.0133398010932979	13279000	155
20220620 212200	binary	custom	TRUE	TRUE	FALSE	-100	999983	31	14	TRUE	999983	0.124600220886459	0.997902640708748	2826	979	0.00870073548962036	53.2752496990124	97.9288425253845	100	9.5025934360955	10394000	156
20220620 212336	binary	custom	TRUE	TRUE	FALSE	-100	999983	31	1122	TRUE	999983	0.0240582812528824	0.202017363937846	7369	1215	0.0161450958673865	0.283388800992921	71.8611204916019	56	0.189232420257245	13422000	157
20220620 212353	binary	custom	TRUE	TRUE	FALSE	-100	999983	31	126	TRUE	999983	0.100171969072265	0.999745480757813	2880	303	0.0132939617134175	0.0742347801616824	88.5892677190079	29	0.0172313824890269	13284000	158
20220620 212417	binary	custom	TRUE	TRUE	FALSE	-100	999983	31	148	TRUE	999983	0.0384756126321236	0.999501420161845	2958	203	0.0156878393196328	0.112811994297132	40.6554626020483	46	0.000370577162942128	13269000	159
20220620 212435	binary	custom	TRUE	TRUE	FALSE	-100	999983	31	68	TRUE	999983	0.242910339342355	0.747530829200345	2873	1053	0.0143246111333247	0.707655010319245	97.7550158707079	39	0.223475388014533	12862000	160
20220620 212518	binary	custom	TRUE	TRUE	FALSE	-100	999983	31	424	TRUE	999983	0.0271623585802316	0.990131849242064	2693	789	0.0133525837170788	0.806595289207529	89.4982805983753	16	0.13180756296452	13244000	161
20220620 212527	binary	custom	TRUE	TRUE	FALSE	-100	999983	31	6	TRUE	999983	0.227795862459838	0.3629366322539	2769	1278	0.0134459062518179	0.344457996822524	2.79050555185175	59	9.53138167815485	12298000	162
20220620 212546	binary	custom	TRUE	TRUE	FALSE	-100	999983	31	144	TRUE	999983	0.139134199652393	0.247117387623669	6461	1189	0.0162485199544772	0.0808642092605732	99.689731075236	37	0.349770645955602	13460000	163
20220620 212552	binary	custom	TRUE	TRUE	FALSE	-100	999983	31	15	TRUE	999983	0.227192730451127	0.980760949159016	1018	912	0.0358266345182522	0.309266783958292	11.2492526692874	43	4.12495178799843	9966000	164
20220620 212607	binary	custom	TRUE	TRUE	FALSE	-100	999983	31	57	TRUE	999983	0.0436455330370764	0.998179011312328	2783	205	0.00909410224222853	1.26040169399205	90.1459888792808	45	0.671023692669336	11808000	165
20220620 212654	binary	custom	TRUE	TRUE	FALSE	-100	999983	31	364	TRUE	999983	0.0249483247328867	0.985246993379963	1392	556	0.0142698267546601	0.0913827741871273	61.6449687542617	15	0.0760923300774197	12847000	166
20220620 212707	binary	custom	TRUE	TRUE	FALSE	-100	999983	31	31	TRUE	999983	0.247395492726288	0.344726809129022	1192	1017	0.0134895057907863	0.0648874486031153	7.9066003812532	34	0.221757432685091	12549000	167
20220620 212716	binary	custom	TRUE	TRUE	FALSE	-100	999983	31	8	TRUE	999983	0.215986182320258	0.392790942069507	1249	1163	0.0103197912290498	68.2896166660319	78.7397036962079	100	5.04400164119559	11224000	168
20220620 212736	binary	custom	TRUE	TRUE	FALSE	-100	999983	31	36	TRUE	999983	0.0529297745757357	0.433560279220273	1946	1015	0.0137087469117974	0.0602485130167675	18.5525747764737	32	0.444937103969536	13333000	169
20220620 212802	binary	custom	TRUE	TRUE	FALSE	-100	999983	31	97	TRUE	999983	0.0792090187075803	0.431453396311437	1191	936	0.0181701013824198	0.221464363826484	0.205457194569193	10	0.0701761100833495	13083000	170
20220620 212831	binary	custom	TRUE	TRUE	FALSE	-100	999983	31	111	TRUE	999983	0.0550989195535402	0.543747492369835	1742	773	0.0127755228290441	0.235337615713329	0.142497681739072	10	0.209496793952429	12786000	171
20220620 212853	binary	custom	TRUE	TRUE	FALSE	-100	999983	31	100	TRUE	999983	0.0921904700036534	0.374150643516643	3918	490	0.0161709876854525	0.101044873619336	3.40873369881456	80	0.00270083721736203	13387000	172
20220620 212904	binary	custom	TRUE	TRUE	FALSE	-100	999983	31	39	TRUE	999983	0.25981964095078	0.275085381129779	7170	1057	0.017660431591671	2.52743012100773	99.9087014917855	57	1.38898514707718	12955000	173
20220620 212933	binary	custom	TRUE	TRUE	FALSE	-100	999983	31	130	TRUE	999983	0.05390719789392	0.349192411643331	1190	639	0.0165546215392976	0.311642766307139	14.1208130514113	35	0.0271890211571116	13575000	174
20220620 212953	binary	custom	TRUE	TRUE	FALSE	-100	999983	31	60	TRUE	999983	0.118556537121565	0.515313421888799	1149	426	0.0204177019594483	0.216914408111805	13.0138470129507	35	0.0143923375079648	13139000	175
20220620 213008	binary	custom	TRUE	TRUE	FALSE	-100	999983	31	101	TRUE	999983	0.105860711614355	0.9781615043636	6016	312	0.0137490613430268	0.828045393722803	72.6152948503362	29	0.113676869147547	12866000	176
20220620 213115	binary	custom	TRUE	TRUE	FALSE	-100	999983	31	473	TRUE	999983	0.0218269919744098	0.378701918496364	1337	487	0.0149185810596374	0.136992167729783	75.8186083696315	62	0.167567712796681	13384000	177
20220620 213128	binary	custom	TRUE	TRUE	FALSE	-100	999983	31	40	TRUE	999983	0.124306706534047	0.444148445727868	1055	925	0.0212935516476447	10.4242118884953	8.96206224781617	98	0.465046750714335	12530000	178
20220620 213147	binary	custom	TRUE	TRUE	FALSE	-100	999983	31	149	TRUE	999983	0.0621650266363641	0.937543684459052	4879	423	0.0164159430165587	0.0748148400033246	99.9447142903553	30	0.00149254069818237	12834000	179
20220620 213208	binary	custom	TRUE	TRUE	FALSE	-100	999983	31	81	TRUE	999983	0.039432116744148	0.438661097917992	4537	871	0.0173111541565242	0.0182548329376945	2.20629843212264	47	9.96283796129408	12645000	180
20220620 213235	binary	custom	TRUE	TRUE	FALSE	-100	999983	31	104	TRUE	999983	0.0514765554458028	0.418244023813448	1236	930	0.0186571365955078	0.0343609153789694	26.8986563399994	34	0.273114942388573	13281000	181
20220620 213249	binary	custom	TRUE	TRUE	FALSE	-100	999983	31	61	TRUE	999983	0.136970389822713	0.35247418775037	3808	441	0.0139293847059143	0.0850886878812678	9.05970732687849	14	1.40194987359474	13343000	182
20220620 213304	binary	custom	TRUE	TRUE	FALSE	-100	999983	31	55	TRUE	999983	0.112434736556572	0.442963991930289	2958	981	0.0151424635382481	0.0369775793505248	13.5160772087551	10	2.08843714683373	13392000	183
20220620 213326	binary	custom	TRUE	TRUE	FALSE	-100	999983	31	90	TRUE	999983	0.0121582847751671	0.993255735704577	6151	543	0.0131258777559499	56.2123392511168	1.04330156571233	86	9.99336920364189	10409000	184
20220620 213356	binary	custom	TRUE	TRUE	FALSE	-100	999983	31	295	TRUE	999983	0.108456811364442	0.215428966058829	7979	1186	0.0149408880069454	0.0547620798808071	98.7357931596777	41	0.11102391512748	13552000	185
20220620 213420	binary	custom	TRUE	TRUE	FALSE	-100	999983	31	91	TRUE	999983	0.0544022503091276	0.379090072313844	2748	429	0.014010534177233	1.31558370859344	9.4577065939079	33	0.140878996528024	13333000	186
20220620 213431	binary	custom	TRUE	TRUE	FALSE	-100	999983	31	30	TRUE	999983	0.17873985297563	0.39219337766102	4605	772	0.0167876556448602	0.13010280258332	5.19265989170687	10	1.77310570496997	12798000	187
20220620 213503	binary	custom	TRUE	TRUE	FALSE	-100	999983	31	182	TRUE	999983	0.139010946285246	0.373343663422913	4131	418	0.0118867580434038	0.00963356021478986	23.8956159725926	15	0.0284651319377302	13345000	188
