Feature	Gain	Cover	Frequency
ctrx_quarter	0.0987599051177816	0.0244338144629721	0.0270464829288359
mpasivos_margen	0.0818619524458126	0.0229028730331685	0.0297202797202797
Visa_msaldototal	0.048771204002889	0.00842498600633848	0.0112093788564377
cpayroll_trx	0.0487101167221354	0.0150583052630111	0.00493624023035788
mpayroll	0.0441760423699968	0.0284398660990851	0.0137803373097491
mtarjeta_visa_consumo	0.0381965938630821	0.0156123646200397	0.0214932126696833
mcaja_ahorro	0.0319152884964092	0.0164769687239175	0.0257095845331139
mrentabilidad_annual	0.0293979372786877	0.0221855310519847	0.0269436445907034
mactivos_margen	0.0250791686261125	0.0203990334911646	0.0216988893459482
mcuentas_saldo	0.0236953611296072	0.0244161406178724	0.0264294529000411
mprestamos_personales	0.0217934566759931	0.0193169250597096	0.0062731386260798
mcuenta_corriente	0.0210295048240755	0.0109215647801949	0.0163512957630605
Master_Fvencimiento	0.0196437501135753	0.0228827639921675	0.0312628547922666
cliente_edad	0.0180764426826441	0.0226509174065213	0.0280748663101604
Master_fechaalta	0.0173419656374485	0.024205857218837	0.0312628547922666
cliente_antiguedad	0.016382737879831	0.0139452663576441	0.0210818593171534
Visa_fechaalta	0.0159610324776664	0.0143170644983297	0.0230357877416701
ctarjeta_visa_trx	0.0154800456447086	0.0209729329718553	0.0199506375976964
mextraccion_autoservicio	0.0142237253313328	0.0103223671498547	0.0122377622377622
mcomisiones_otras	0.0137911455656671	0.00968180106889662	0.0197449609214315
numero_de_cliente	0.0123873487412685	0.01084486357923	0.0199506375976964
mcomisiones	0.0123787471722787	0.0126658074591694	0.018510900863842
mcaja_ahorro_dolares	0.0121175528199001	0.0155845964148339	0.0179967091731798
mrentabilidad	0.0121069419845544	0.0146289936714786	0.0163512957630605
Visa_msaldopesos	0.0115209310160596	0.0177329371948535	0.0234471410941999
Visa_Fvencimiento	0.0110836734775849	0.010596867013404	0.0180995475113122
Master_mlimitecompra	0.0108980256548153	0.0138026355891182	0.0174825174825175
chomebanking_trx	0.0103632761940789	0.00843886014903997	0.0141916906622789
Visa_mfinanciacion_limite	0.010125137205541	0.0119101098975525	0.016248457424928
ccomisiones_otras	0.00964088420828344	0.0136073717214494	0.0166598107774578
Visa_mpagospesos	0.0094095088906939	0.00904284849197132	0.0179967091731798
Master_mfinanciacion_limite	0.00940234184660962	0.00927006372344939	0.0164541341011929
mtransferencias_recibidas	0.00935790684807294	0.00791496435351276	0.0165569724393254
Visa_mpagominimo	0.00906059120959459	0.011120996866615	0.017379679144385
Visa_mlimitecompra	0.00882631176441044	0.0131992348803716	0.0147058823529412
ccomisiones_mantenimiento	0.0086642147300969	0.017359829327129	0.00637597696421226
Visa_mconsumospesos	0.0086282528243342	0.0100140534209273	0.0152200740436035
mtransferencias_emitidas	0.00817402842001659	0.0135722132693775	0.0143973673385438
Visa_cconsumos	0.00781863966993306	0.0107379988167637	0.0150143973673385
mtarjeta_visa_debitos_automaticos	0.00773563256091026	0.010757978379046	0.0143973673385438
ctransferencias_recibidas	0.00763728344830754	0.0109357675996438	0.0117235705471
mautoservicio	0.00693900702874414	0.013064557093143	0.018716577540107
cproductos	0.00671768144151091	0.00844370066113826	0.00915261209378856
thomebanking	0.0065495368994286	0.00379062394798541	0.00359934183463595
Visa_mconsumototal	0.00600138273657638	0.00721651132540392	0.0118264088852324
ctransferencias_emitidas	0.00600022096022324	0.0163348409304142	0.0097696421225833
mcomisiones_mantenimiento	0.00566272930737563	0.0155051064414667	0.00853558206499383
Visa_mpagado	0.00538492900254323	0.0113081434146128	0.00791855203619909
mpagomiscuentas	0.00525931307236317	0.0119395663060518	0.0104895104895105
Master_mpagominimo	0.00452156937714216	0.00620961010969836	0.00555327025915261
Master_msaldototal	0.0045011115025541	0.00542213548254727	0.00596462361168244
cprestamos_personales	0.00448580584716622	0.00553490148661489	0.00267379679144385
Master_mpagospesos	0.0041461841729816	0.0138990723347802	0.00709584533113945
ctarjeta_visa_debitos_automaticos	0.0039495074439376	0.00795521231521893	0.00730152200740436
Master_status	0.00379551697265658	0.0100945543242904	0.00154257507198684
ccuenta_debitos_automaticos	0.00341535069347072	0.00934721311997896	0.00730152200740436
Master_msaldopesos	0.00323843403956543	0.008577492017139	0.00637597696421226
ccallcenter_trx	0.00305563639221363	0.00448506811576593	0.0018510900863842
tcallcenter	0.0030152086597541	0.00438031485240422	0.00195392842451666
cmobile_app_trx	0.00277261450469752	0.0018405947654742	0.00380501851090086
ctarjeta_debito_trx	0.00266612720337139	0.00504455561907759	0.00904977375565611
mdescubierto_preacordado	0.00262094507531987	0.00841533984179693	0.00205676676264912
ccaja_ahorro	0.00260301006738605	0.0102929904205668	0.00329082682023859
cpagomiscuentas	0.00256669437266141	0.00631539422285877	0.00555327025915261
mplazo_fijo_dolares	0.00253771678255239	0.0157018742542524	0.00287947346770876
mcuenta_debitos_automaticos	0.00250437658393476	0.006654817703924	0.00689016865487454
ctarjeta_debito	0.00236192231461528	0.00399332288207676	0.00370218017276841
Visa_mconsumosdolares	0.00235662840259341	0.00439445293249378	0.0044220485396956
ccajas_consultas	0.00235198710745423	0.0108581550676975	0.00215960510078157
Visa_mpagosdolares	0.00233576214095374	0.00477322300418515	0.00411353352529823
ctarjeta_master	0.00211905983175693	0.00055106640664684	0.00113122171945701
matm	0.00210939110310534	0.00638237456002135	0.00802139037433155
Visa_fultimo_cierre	0.00206419234977827	0.00255551151065809	0.00462772521596051
catm_trx	0.00173781297779457	0.00549849804686333	0.00380501851090086
Master_mconsumospesos	0.00168593140579271	0.00346603574011032	0.00339366515837104
Master_fultimo_cierre	0.00165191774227766	0.00124516197787707	0.00287947346770876
Master_mconsumototal	0.00151302756717064	0.00318930485863912	0.00339366515837104
cextraccion_autoservicio	0.00139846223571393	0.00507162165123214	0.00555327025915261
ccaja_seguridad	0.00129589018512146	0.00574732128450857	0.00133689839572193
Visa_status	0.00122619821414595	0.00471985287233598	0.000822706705059646
mtarjeta_master_consumo	0.00119573598772998	0.00251485021304229	0.00226244343891403
Visa_Finiciomora	0.00114331642394838	0.0034895958869591	0.000925545043192102
Master_cconsumos	0.00113586513841762	0.00448632306334697	0.00174825174825175
cseguro_accidentes_personales	0.00107095319048	0.00775734891327516	0.0018510900863842
Visa_msaldodolares	0.00100935672981871	0.00204711830171729	0.00174825174825175
active_quarter	0.000861017146602938	0.000261049016658931	0.000822706705059646
cinversion1	0.000708458778965645	0.00630345230103603	0.000822706705059646
Visa_delinquency	0.000707513620522308	0.00206593255553143	0.000925545043192102
tmobile_app	0.000691125215186033	0.00674030353795619	0.00102838338132456
tpaquete9	0.000635782522828972	0.00369058669795404	0.000925545043192102
mcheques_emitidos	0.00063404967603729	0.0023812331553167	0.000308515014397367
ccajas_trx	0.000593520523367342	0.00161804076786856	0.000925545043192102
Master_msaldodolares	0.000578938823624505	0.00035628559419776	0.000411353352529823
mtarjeta_visa_descuentos	0.000552883845404686	0.0051050769601584	0.00205676676264912
internet	0.000477151388705487	0.00238165645112776	0.000617030028794735
ccajas_extracciones	0.000458762273454059	0.00390771254927661	0.00102838338132456
tpaquete7	0.000439685772430446	0.00525292173708649	0.000719868366927191
ctarjeta_master_trx	0.000438856724651369	0.00167271564680596	0.00113122171945701
Master_mpagado	0.000416712528179847	0.00776253304197302	0.00102838338132456
matm_other	0.000366226385906695	0.00116300275092478	0.000925545043192102
mttarjeta_master_debitos_automaticos	0.000356674792767112	0.000546768709176854	0.000719868366927191
ctarjeta_master_debitos_automaticos	0.000339118916100325	0.00175315181080968	0.000617030028794735
cseguro_vivienda	0.000321677117690765	0.000876580885355559	0.000617030028794735
minversion2	0.000217631991196222	0.00396872192552783	0.000514191690662279
ccajeros_propios_descuentos	0.000212199077602268	0.00364181804056867	0.000617030028794735
tpaquete1	0.000172320520323241	0.00385025387788762	0.000514191690662279
minversion1_pesos	0.00015573166090456	0.000737884277897186	0.000102838338132456
ccheques_emitidos	0.000144863866188699	0.000793744385105565	0.000102838338132456
mcaja_ahorro_adicional	0.00012827985126738	0.000434689938308371	0.000205676676264912
Master_madelantopesos	0.000127353537292676	0.000214217560103025	0.000617030028794735
cseguro_vida	0.00012103049306499	0.000480281387135393	0.000411353352529823
ccheques_depositados	0.000101086758978791	0.00227321802423443	0.000308515014397367
cseguro_auto	8.60419231343024e-05	0.00151976144044079	0.000205676676264912
Visa_madelantopesos	8.16877130035359e-05	0.000153128504640318	0.000205676676264912
cplazo_fijo	7.84459403147299e-05	0.000382644473350292	0.000102838338132456
mcheques_depositados	7.34967586001907e-05	0.00151329746440829	0.000205676676264912
ctarjeta_visa	7.20735644272518e-05	0.000696535747082247	0.000514191690662279
catm_trx_other	6.80371935009039e-05	0.000507621316579451	0.000822706705059646
mforex_sell	6.1892010860741e-05	0.00030418036983106	0.000205676676264912
Master_mconsumosdolares	5.70646390296796e-05	3.41226223225295e-05	0.000102838338132456
ctarjeta_visa_descuentos	5.64829108724421e-05	0.00124771171264489	0.000617030028794735
Visa_cadelantosefectivo	5.02921361759651e-05	0.000277019718612865	0.000205676676264912
ccajas_depositos	3.30177257804153e-05	0.000723233262883631	0.000102838338132456
Master_delinquency	2.41828728628255e-05	6.89972172035386e-05	0.000102838338132456
Visa_madelantodolares	1.73144596306715e-09	8.27369012356254e-05	0.000205676676264912
Master_mpagosdolares	2.94863144309479e-10	0.000140041194152343	0.000514191690662279
Master_madelantodolares	1.03314454241396e-11	1.75244465780767e-05	0.000102838338132456
mcajeros_propios_descuentos	3.57332312294341e-12	0.000200512735725967	0.000205676676264912
cforex_sell	3.77419277003353e-13	7.54313135317213e-05	0.000102838338132456
