Feature	Gain	Cover	Frequency
ctrx_quarter	0.155494252166522	0.0263401947955403	0.0268013606844655
mpasivos_margen	0.0510958832707851	0.0220470000534335	0.0271106071539017
Visa_msaldototal	0.048242268105483	0.0142508628943921	0.0193794454179981
mpayroll	0.0428251147636527	0.0293216500166421	0.0108236264302649
mcuentas_saldo	0.0356399309857572	0.0266926413020183	0.0290691681269972
cpayroll_trx	0.0330775563199099	0.0160954344558589	0.00371095763323369
mactivos_margen	0.0319256457264128	0.0254299625991777	0.0289660859705185
mrentabilidad_annual	0.0268075027082552	0.0258833506746671	0.0299969075353056
cliente_edad	0.025313702179591	0.028237623816332	0.0360787547675497
mcuenta_corriente	0.0243499746790926	0.0121681147096123	0.01762704875786
mtarjeta_visa_consumo	0.0232217408917249	0.0144381655279047	0.0193794454179981
mcaja_ahorro	0.0218531946313781	0.0141201091773752	0.0264921142150294
Master_fechaalta	0.0216066521681685	0.0264343645191041	0.0317493041954438
ctarjeta_visa_trx	0.0200884963213676	0.0206099713741271	0.0208225956087001
mprestamos_personales	0.0196342941073765	0.01998050529948	0.00597876507576539
cliente_antiguedad	0.0184614354124436	0.0160148234494743	0.0252551283372848
numero_de_cliente	0.0146567958521213	0.0123235716379806	0.021234924234615
Master_Fvencimiento	0.0144258023057873	0.0193170497697983	0.023399649520668
Visa_mpagospesos	0.0138689022232626	0.0138509934347359	0.0236058138336254
Visa_Fvencimiento	0.0131140598936815	0.0117875039376378	0.0222657457994021
mautoservicio	0.0118714565698863	0.0168096437650667	0.0196886918874343
mcomisiones_otras	0.0118162900880383	0.0113717717305465	0.01762704875786
Visa_fechaalta	0.0115673652998966	0.0138724559774449	0.0208225956087001
mcomisiones_mantenimiento	0.0115018178007943	0.0185574911346425	0.0115452015256159
Visa_mlimitecompra	0.0109174217260937	0.0143428137366444	0.0191732811050407
Master_mfinanciacion_limite	0.0107535953809515	0.0109168810266294	0.018348623853211
Visa_mfinanciacion_limite	0.0104996648758363	0.0112100037627819	0.0158746520977219
Master_mlimitecompra	0.0103823832123955	0.0105820904041768	0.0170085558189877
mrentabilidad	0.0102617288296018	0.013183816395315	0.0171116379754664
ccomisiones_otras	0.0091984975453769	0.0164654216448496	0.0162869807236367
cextraccion_autoservicio	0.00885895361430731	0.00379890011205401	0.00587568291928667
Visa_mconsumospesos	0.00842252134251508	0.00759945812413991	0.0152561591588496
Visa_msaldopesos	0.00823642522978226	0.0138866107372338	0.0162869807236367
chomebanking_trx	0.00806217689518753	0.0100914471612033	0.0109267085867436
cprestamos_personales	0.00802298815121601	0.00399813862404395	0.00247397175548913
mcomisiones	0.00778963675621844	0.0113099035094167	0.0136068446551902
ctransferencias_recibidas	0.00761129945021147	0.0141416819128356	0.0115452015256159
ccomisiones_mantenimiento	0.00751213811483438	0.017316440263638	0.00721575095350995
Visa_mpagominimo	0.00746838510993247	0.00981952651216561	0.0141222554375838
mtransferencias_recibidas	0.00740278021781229	0.00912218170267796	0.0156684877847645
mtarjeta_visa_debitos_automaticos	0.00728466284082377	0.00991058579488413	0.0126791052468818
mtransferencias_emitidas	0.00715829378269642	0.00950431012936449	0.0122667766209669
Visa_cconsumos	0.00715337050214211	0.00727337773780653	0.0129883517163179
mcaja_ahorro_dolares	0.0068824347525706	0.0143807751394895	0.0145345840634986
thomebanking	0.00662787447812046	0.00308219643965618	0.0038140397897124
Visa_mconsumototal	0.0060733177939789	0.00940177076545836	0.0114421193691372
cproductos	0.00596671799186108	0.00681024762134421	0.00845273683125451
mextraccion_autoservicio	0.0055938603302565	0.00811436881622071	0.0103082156478714
ccallcenter_trx	0.00523284793028537	0.00708511342210021	0.00247397175548913
Master_status	0.00489641871401439	0.0125022191317496	0.00247397175548913
Master_mpagospesos	0.00476769998813383	0.015312870579475	0.00948355839604165
ctransferencias_emitidas	0.00472137013306693	0.012626271125979	0.00659725801463767
mpagomiscuentas	0.00413454177467022	0.0108704347819292	0.00804040820533966
Visa_mpagado	0.00395204860713014	0.0101210789937975	0.00639109370168024
mcuenta_debitos_automaticos	0.0039505703073817	0.00645672923992106	0.00896814761364808
ctarjeta_visa_debitos_automaticos	0.00382347138156507	0.00431878450423049	0.00628801154520153
Master_mpagominimo	0.00375317995189647	0.00491070490323083	0.00463869704154211
ccaja_ahorro	0.00349740030492923	0.0114902539820705	0.00371095763323369
ctarjeta_debito_trx	0.00340898581478991	0.00709004705210448	0.0137099268116689
Master_msaldopesos	0.00325266696800282	0.00484590655666705	0.00494794351097825
cpagomiscuentas	0.00323766716658282	0.00805985846562524	0.00731883310998866
Visa_mconsumosdolares	0.00280448843323841	0.00383071075586838	0.0053602721368931
ctarjeta_debito	0.0027663554089255	0.00209041158976104	0.00329862900731883
Master_msaldototal	0.00270377593596971	0.00372988438836982	0.00463869704154211
mplazo_fijo_dolares	0.00264403806514107	0.0167683715709193	0.00329862900731883
ccajas_consultas	0.00222385458967073	0.00840952510951206	0.00164931450365942
mdescubierto_preacordado	0.00206223726781843	0.00654527412440389	0.00164931450365942
ccuenta_debitos_automaticos	0.00197308075766816	0.010137452634898	0.00597876507576539
Visa_fultimo_cierre	0.00187758807811063	0.00252893366133909	0.00494794351097825
cmobile_app_trx	0.00181739063426761	0.00151302661641797	0.00247397175548913
matm	0.00181390054875336	0.00375513856347801	0.00484486135449954
tcallcenter	0.00172907466937082	0.00142396082074687	0.000824657251829708
Master_fultimo_cierre	0.00163764289368951	0.00214580849112885	0.00371095763323369
Visa_mpagosdolares	0.00147853987708052	0.00390370844488596	0.00268013606844655
catm_trx	0.00146635633111566	0.00622072141030533	0.0038140397897124
Visa_status	0.00146257908921042	0.00478582145460482	0.00103082156478714
Master_mconsumototal	0.00132096637144208	0.00352176033361076	0.0038140397897124
ccaja_seguridad	0.00130648437844958	0.00636113201935089	0.00134006803422328
ctarjeta_master	0.00124641012385361	0.000777795535506619	0.000824657251829708
Master_mconsumospesos	0.00122533466742755	0.00325314045835256	0.00371095763323369
Master_cconsumos	0.00110130906799034	0.0017316640614095	0.0022678074425317
cseguro_accidentes_personales	0.00103495547069386	0.00719136928698418	0.00237088959901041
Visa_Finiciomora	0.00101409292772556	0.00705377360185985	0.00123698587774456
mtarjeta_master_consumo	0.000916277076770176	0.00207756411670422	0.00247397175548913
cinversion1	0.000808831382797542	0.00634082650053126	0.000824657251829708
Visa_delinquency	0.000692721443851767	0.00227560553471343	0.000927739408308422
ccajas_trx	0.000687872361262321	0.00213429835737268	0.000721575095350995
tmobile_app	0.000636747487135982	0.00769544101933985	0.00113390372126585
tpaquete9	0.000630994934549974	0.00521043419570381	0.00144315019070199
mttarjeta_master_debitos_automaticos	0.000618446934779856	0.0015681931147602	0.00113390372126585
Master_mconsumosdolares	0.000608997862122335	0.000442709396129898	0.00113390372126585
active_quarter	0.000567432749219262	0.000243140305885862	0.000618492938872281
Visa_msaldodolares	0.000508632721494794	0.0010644669869429	0.000927739408308422
tpaquete7	0.000496096552080752	0.00461682584410302	0.000721575095350995
Master_mpagado	0.000482096379300937	0.0060147110528679	0.00103082156478714
internet	0.000478150942580873	0.00131783017489854	0.000618492938872281
mtarjeta_visa_descuentos	0.000421276394800686	0.00548462381366734	0.00206164312957427
ctarjeta_master_trx	0.000302580890859373	0.00065057299529483	0.000927739408308422
ctarjeta_master_debitos_automaticos	0.000236062512834938	0.00126959580236942	0.000618492938872281
mcaja_ahorro_adicional	0.000212047169913949	0.00101956344076185	0.000309246469436141
ccajas_extracciones	0.000205365914034834	0.00249536995102573	0.000515410782393568
cplazo_fijo	0.000200230082329782	0.00104998164889989	0.000206164312957427
mcheques_emitidos	0.000190515787811722	0.000724126656830661	0.000103082156478714
Master_madelantopesos	0.00018744701016783	0.000161166916393494	0.000618492938872281
tpaquete1	0.000183767562622527	0.00371435722795028	0.000515410782393568
catm_trx_other	0.000171475441146253	0.000499799258859582	0.000721575095350995
minversion2	0.000165671767288528	0.00319334586445302	0.000412328625914854
Master_madelantodolares	0.000152434248821394	4.24492530824769e-05	0.000103082156478714
ccheques_emitidos	0.000152047111621817	0.000798336466113255	0.000103082156478714
matm_other	0.000144461742336338	0.000816999111185267	0.000927739408308422
ctarjeta_visa	0.000111136723156411	0.000858732111383875	0.000412328625914854
cseguro_auto	0.00010562609197877	0.00224571825528651	0.000309246469436141
Master_mpagosdolares	9.98309467959753e-05	0.000368068833364698	0.000618492938872281
Visa_madelantopesos	9.66309239061609e-05	0.000164452663888727	0.000206164312957427
ccajeros_propios_descuentos	9.59897674452341e-05	0.00139734927129233	0.000206164312957427
minversion1_pesos	8.54041770728895e-05	0.000798336466113255	0.000103082156478714
mcheques_depositados	7.77491555548662e-05	0.00153490488632526	0.000206164312957427
cseguro_vivienda	7.13422092317674e-05	0.000315817434172203	0.000206164312957427
ccheques_depositados	6.50490724581186e-05	0.00154489235660803	0.000206164312957427
Visa_cadelantosefectivo	6.43142032736623e-05	2.09766928506682e-05	0.000103082156478714
Visa_madelantodolares	5.47800713702282e-05	0.000493783736387364	0.000412328625914854
ctarjeta_visa_descuentos	4.57047653345055e-05	0.00108128139904884	0.000515410782393568
cforex_sell	1.84045050074782e-05	0.000135972846422419	0.000206164312957427
cseguro_vida	8.76089302478946e-06	9.45403719093513e-05	0.000103082156478714
Master_delinquency	5.97985913194539e-09	1.92636964430922e-05	0.000103082156478714
Master_cadelantosefectivo	1.49110156694304e-11	0.000101131901945521	0.000309246469436141
mcajeros_propios_descuentos	8.43366532740639e-12	0.000231324637682727	0.000206164312957427
mforex_sell	4.2283855028516e-13	4.15977636401146e-05	0.000103082156478714
cforex	5.20601123833629e-14	4.16578687772225e-05	0.000103082156478714
