fecha	objective	metric	first_metric_only	boost_from_average	feature_pre_filter	verbosity	max_depth	min_gain_to_split	lambda_l1	lambda_l2	max_bin	num_iterations	force_row_wise	seed	learning_rate	feature_fraction	min_data_in_leaf	num_leaves	prob_corte	ganancia	iteracion
20220616 120604	binary	custom	TRUE	TRUE	FALSE	-100	-1	0	0	0	31	30	TRUE	999983	0.169664147019503	0.481609219573438	1774	520	0.0408006420029172	9042000	1
20220616 120617	binary	custom	TRUE	TRUE	FALSE	-100	-1	0	0	0	31	55	TRUE	999983	0.0957776807424379	0.955905296383426	3672	643	0.0268343506705908	11857000	2
20220616 120628	binary	custom	TRUE	TRUE	FALSE	-100	-1	0	0	0	31	28	TRUE	999983	0.185243558907881	0.643981572678313	2636	823	0.0313019191244772	10957000	3
20220616 120639	binary	custom	TRUE	TRUE	FALSE	-100	-1	0	0	0	31	38	TRUE	999983	0.157832347507705	0.305529836323112	5482	432	0.0373826275080016	10477000	4
20220616 120659	binary	custom	TRUE	TRUE	FALSE	-100	-1	0	0	0	31	134	TRUE	999983	0.0653981569663156	0.724497425919399	4192	718	0.023017924890155	12717000	5
20220616 120710	binary	custom	TRUE	TRUE	FALSE	-100	-1	0	0	0	31	63	TRUE	999983	0.10564531692164	0.692201795680448	7047	407	0.0494636804549373	7534000	6
20220616 120721	binary	custom	TRUE	TRUE	FALSE	-100	-1	0	0	0	31	19	TRUE	999983	0.274884178636479	0.527461514389142	3271	42	0.0198801750394826	12042000	7
20220616 120734	binary	custom	TRUE	TRUE	FALSE	-100	-1	0	0	0	31	25	TRUE	999983	0.148516867771395	0.22611770324409	691	728	0.02799965517479	9919000	8
20220616 120751	binary	custom	TRUE	TRUE	FALSE	-100	-1	0	0	0	31	6	TRUE	999983	0.254977868330083	0.5896021584142	322	342	0.0343424415730018	6888000	9
20220616 120838	binary	custom	TRUE	TRUE	FALSE	-100	-1	0	0	0	31	345	TRUE	999983	0.0162924240452703	0.628274165000767	7288	524	0.0149781098691165	13238000	10
20220616 120846	binary	custom	TRUE	TRUE	FALSE	-100	-1	0	0	0	31	29	TRUE	999983	0.238836721583735	0.788749627387151	6396	811	0.00878811281290837	11283000	11
20220616 120857	binary	custom	TRUE	TRUE	FALSE	-100	-1	0	0	0	31	50	TRUE	999983	0.11632534011174	0.820285053048283	4992	219	0.0306210996141696	11418000	12
20220616 120909	binary	custom	TRUE	TRUE	FALSE	-100	-1	0	0	0	31	47	TRUE	999983	0.129208551356453	0.279593881675974	5637	150	0.0133262709840589	12647000	13
20220616 120920	binary	custom	TRUE	TRUE	FALSE	-100	-1	0	0	0	31	20	TRUE	999983	0.21064154529653	0.398928059265018	3080	952	0.0444412010421123	8909000	14
20220616 120942	binary	custom	TRUE	TRUE	FALSE	-100	-1	0	0	0	31	96	TRUE	999983	0.0491742083641002	0.88306680880487	2066	1007	0.0112735727224693	12905000	15
20220616 122425	binary	custom	TRUE	TRUE	FALSE	-100	-1	0	0	0	31	17	TRUE	999983	0.268703095037723	0.55566334775649	7412	330	0.0321852227609876	10970000	16
20220616 122434	binary	custom	TRUE	TRUE	FALSE	-100	-1	0	0	0	31	23	TRUE	999983	0.160100215075538	0.690634870333597	3343	524	0.021339690341362	12125000	17
20220616 122451	binary	custom	TRUE	TRUE	FALSE	-100	-1	0	0	0	31	49	TRUE	999983	0.190571264000959	0.488410778827965	6452	109	0.0202301235432969	12729000	18
20220616 122505	binary	custom	TRUE	TRUE	FALSE	-100	-1	0	0	0	31	50	TRUE	999983	0.126689554543234	0.620208990639076	2585	872	0.02364945156199	12217000	19
20220616 122514	binary	custom	TRUE	TRUE	FALSE	-100	-1	0	0	0	31	31	TRUE	999983	0.214563910512254	0.770735399071127	4151	998	0.0384948066450306	9021000	20
20220616 122536	binary	custom	TRUE	TRUE	FALSE	-100	-1	0	0	0	31	115	TRUE	999983	0.0663625092935981	0.470538205355406	6261	278	0.0333385479714101	11103000	21
20220616 122556	binary	custom	TRUE	TRUE	FALSE	-100	-1	0	0	0	31	69	TRUE	999983	0.104277700180421	0.417359504485503	1685	808	0.0464410656747835	7976000	22
20220616 122608	binary	custom	TRUE	TRUE	FALSE	-100	-1	0	0	0	31	51	TRUE	999983	0.176310126446653	0.596807130500674	3886	147	0.0261817623705914	11952000	23
20220616 122623	binary	custom	TRUE	TRUE	FALSE	-100	-1	0	0	0	31	49	TRUE	999983	0.0961692486178363	0.641767571205273	2287	486	0.0363648580110748	9685000	24
20220616 122726	binary	custom	TRUE	TRUE	FALSE	-100	-1	0	0	0	31	510	TRUE	999983	0.0200117651936598	0.280004704538733	6822	707	0.00880144518208302	11550000	25
20220616 122740	binary	custom	TRUE	TRUE	FALSE	-100	-1	0	0	0	31	91	TRUE	999983	0.0751670247471193	0.986812013629824	5760	622	0.0409877591121282	9335000	26
20220616 122749	binary	custom	TRUE	TRUE	FALSE	-100	-1	0	0	0	31	8	TRUE	999983	0.245699688725057	0.808163915406913	1311	728	0.01809208625394	11468000	27
20220616 122756	binary	custom	TRUE	TRUE	FALSE	-100	-1	0	0	0	31	26	TRUE	999983	0.272813831565902	0.843792628543451	7889	607	0.0298880190986286	11286000	28
20220616 122816	binary	custom	TRUE	TRUE	FALSE	-100	-1	0	0	0	31	73	TRUE	999983	0.149242559499922	0.377552801268175	5399	938	0.0286558191806156	11558000	29
20220616 122849	binary	custom	TRUE	TRUE	FALSE	-100	-1	0	0	0	31	45	TRUE	999983	0.0366618438035948	0.321174151878804	162	221	0.0149513364730713	10906000	30
20220616 122902	binary	custom	TRUE	TRUE	FALSE	-100	-1	0	0	0	31	25	TRUE	999983	0.233833572539617	0.268222070913762	659	440	0.0111966136925427	11592000	31
20220616 122910	binary	custom	TRUE	TRUE	FALSE	-100	-1	0	0	0	31	21	TRUE	999983	0.289182262755698	0.897393429232761	3140	36	0.0429499222581702	8213000	32
20220616 122920	binary	custom	TRUE	TRUE	FALSE	-100	-1	0	0	0	31	30	TRUE	999983	0.212169706942863	0.20563924010843	5012	197	0.0457129979059876	8690000	33
20220616 122950	binary	custom	TRUE	TRUE	FALSE	-100	-1	0	0	0	31	91	TRUE	999983	0.0411421056929976	0.940526520293206	1011	894	0.0483967918432124	7932000	34
20220616 123001	binary	custom	TRUE	TRUE	FALSE	-100	-1	0	0	0	31	48	TRUE	999983	0.115077350057894	0.739211779143661	4609	403	0.0125345889672947	12755000	35
20220616 123012	binary	custom	TRUE	TRUE	FALSE	-100	-1	0	0	0	31	49	TRUE	999983	0.18128473961	0.66603152651074	6264	248	0.0134792375228898	12679000	36
20220616 123027	binary	custom	TRUE	TRUE	FALSE	-100	-1	0	0	0	31	114	TRUE	999983	0.0861720151331884	0.721517522631248	6668	298	0.0201656069683637	12837000	37
20220616 123044	binary	custom	TRUE	TRUE	FALSE	-100	-1	0	0	0	31	58	TRUE	999983	0.109194184965653	0.515425333095379	5859	361	0.0175134266269163	13113000	38
20220616 123056	binary	custom	TRUE	TRUE	FALSE	-100	-1	0	0	0	31	49	TRUE	999983	0.119135623827758	0.200544878332181	6003	344	0.0185858044027509	13169000	39
20220616 123109	binary	custom	TRUE	TRUE	FALSE	-100	-1	0	0	0	31	43	TRUE	999983	0.123892723049086	0.274740145576486	7946	380	0.0181645420157161	13399000	40
20220616 123122	binary	custom	TRUE	TRUE	FALSE	-100	-1	0	0	0	31	51	TRUE	999983	0.108982414811328	0.262883661419089	7983	406	0.0226642252856676	13310000	41
20220616 123134	binary	custom	TRUE	TRUE	FALSE	-100	-1	0	0	0	31	40	TRUE	999983	0.148845974797532	0.241134677222693	7985	452	0.0194458963892521	12991000	42
20220616 123153	binary	custom	TRUE	TRUE	FALSE	-100	-1	0	0	0	31	107	TRUE	999983	0.0682110078728953	0.255185563760176	7998	243	0.0175135383535402	13235000	43
20220616 123206	binary	custom	TRUE	TRUE	FALSE	-100	-1	0	0	0	31	47	TRUE	999983	0.11371272560869	0.305590330385941	7996	278	0.0177801649791819	13251000	44
20220616 123226	binary	custom	TRUE	TRUE	FALSE	-100	-1	0	0	0	31	105	TRUE	999983	0.0589951038166741	0.260365221177915	7765	375	0.0177203740961705	13258000	45
20220616 123241	binary	custom	TRUE	TRUE	FALSE	-100	-1	0	0	0	31	78	TRUE	999983	0.0995261297188113	0.200590784942098	7979	388	0.0159650315609711	13337000	46
20220616 123257	binary	custom	TRUE	TRUE	FALSE	-100	-1	0	0	0	31	89	TRUE	999983	0.0772240571179845	0.204400780546426	7969	16	0.0211407079536118	12908000	47
20220616 123307	binary	custom	TRUE	TRUE	FALSE	-100	-1	0	0	0	31	54	TRUE	999983	0.113481489963437	0.685308695056881	7987	849	0.0179541255812789	13088000	48
20220616 123323	binary	custom	TRUE	TRUE	FALSE	-100	-1	0	0	0	31	73	TRUE	999983	0.0899327777376062	0.299383821502852	7993	397	0.0186422985735163	13249000	49
20220616 123333	binary	custom	TRUE	TRUE	FALSE	-100	-1	0	0	0	31	43	TRUE	999983	0.124403873366564	0.948008652279679	7951	411	0.0161304124925992	13175000	50
20220616 123348	binary	custom	TRUE	TRUE	FALSE	-100	-1	0	0	0	31	55	TRUE	999983	0.124348650194536	0.460211451700088	7432	391	0.0163801864968426	13206000	51
20220616 123358	binary	custom	TRUE	TRUE	FALSE	-100	-1	0	0	0	31	47	TRUE	999983	0.126424777058179	0.99960183746107	7964	1024	0.0167953939275244	13174000	52
20220616 123409	binary	custom	TRUE	TRUE	FALSE	-100	-1	0	0	0	31	44	TRUE	999983	0.119841048502059	0.999734786160781	5945	896	0.0165729539645018	13175000	53
20220616 123422	binary	custom	TRUE	TRUE	FALSE	-100	-1	0	0	0	31	86	TRUE	999983	0.0984912249786058	0.999797593453949	7986	909	0.0231590015486369	12289000	54
20220616 123435	binary	custom	TRUE	TRUE	FALSE	-100	-1	0	0	0	31	24	TRUE	999983	0.211399824498152	0.941652424508762	8000	900	0.0138482491821765	12367000	55
20220616 123452	binary	custom	TRUE	TRUE	FALSE	-100	-1	0	0	0	31	101	TRUE	999983	0.120485073772213	0.24375420989079	6061	1024	0.01632948664635	13420000	56
20220616 123505	binary	custom	TRUE	TRUE	FALSE	-100	-1	0	0	0	31	58	TRUE	999983	0.119716084374607	0.200116538075347	7997	1021	0.0165256024452478	13144000	57
20220616 123519	binary	custom	TRUE	TRUE	FALSE	-100	-1	0	0	0	31	52	TRUE	999983	0.123125659401535	0.593465684444713	5247	1024	0.0156519603021995	13183000	58
20220616 123532	binary	custom	TRUE	TRUE	FALSE	-100	-1	0	0	0	31	58	TRUE	999983	0.124031932015435	0.245469457536223	5785	1024	0.0177217883464813	12974000	59
20220616 123544	binary	custom	TRUE	TRUE	FALSE	-100	-1	0	0	0	31	45	TRUE	999983	0.129341884964524	0.200033648234508	6108	773	0.0159234988385386	13149000	60
20220616 123558	binary	custom	TRUE	TRUE	FALSE	-100	-1	0	0	0	31	78	TRUE	999983	0.113103797085577	0.200559168080906	7992	220	0.0238382479697673	12257000	61
20220616 123608	binary	custom	TRUE	TRUE	FALSE	-100	-1	0	0	0	31	21	TRUE	999983	0.24058352711022	0.566817811475977	7997	407	0.0221441141627626	12419000	62
20220616 123628	binary	custom	TRUE	TRUE	FALSE	-100	-1	0	0	0	31	126	TRUE	999983	0.0661911662605178	0.202670943838232	6424	464	0.0224130537963617	13110000	63
20220616 123645	binary	custom	TRUE	TRUE	FALSE	-100	-1	0	0	0	31	87	TRUE	999983	0.0821003615226163	0.217659131689708	6182	1024	0.0151275946514206	13194000	64
20220616 123700	binary	custom	TRUE	TRUE	FALSE	-100	-1	0	0	0	31	106	TRUE	999983	0.109996997846222	0.951145259996174	6437	16	0.0181084342286917	12811000	65
20220616 123713	binary	custom	TRUE	TRUE	FALSE	-100	-1	0	0	0	31	53	TRUE	999983	0.116559161608321	0.200730861453155	7984	400	0.0171599058562352	13261000	66
20220616 123729	binary	custom	TRUE	TRUE	FALSE	-100	-1	0	0	0	31	113	TRUE	999983	0.0625552137023837	0.685453139502235	6648	1023	0.01622183864388	13353000	67
20220616 123743	binary	custom	TRUE	TRUE	FALSE	-100	-1	0	0	0	31	69	TRUE	999983	0.171372689061619	0.305179025575695	6339	1019	0.0161253560769481	13610000	68
20220616 123753	binary	custom	TRUE	TRUE	FALSE	-100	-1	0	0	0	31	30	TRUE	999983	0.295744051965899	0.310124571544588	6349	1023	0.0161019875267605	12370000	69
20220616 123858	binary	custom	TRUE	TRUE	FALSE	-100	-1	0	0	0	31	536	TRUE	999983	0.0190314912162914	0.281702461926195	8000	175	0.0128961457776579	13282000	70
20220616 123935	binary	custom	TRUE	TRUE	FALSE	-100	-1	0	0	0	31	310	TRUE	999983	0.0172640021804555	0.926756966992169	7986	358	0.0138452279204612	13231000	71
20220616 123958	binary	custom	TRUE	TRUE	FALSE	-100	-1	0	0	0	31	105	TRUE	999983	0.0774092488444417	0.234485589718261	7976	379	0.0131041061938196	12980000	72
20220616 124033	binary	custom	TRUE	TRUE	FALSE	-100	-1	0	0	0	31	188	TRUE	999983	0.0271858394568947	0.362705431849242	7989	22	0.0149135893668004	13267000	73
20220616 124055	binary	custom	TRUE	TRUE	FALSE	-100	-1	0	0	0	31	175	TRUE	999983	0.0368533150447113	0.857234688725704	7491	62	0.0117707386348289	12553000	74
20220616 124105	binary	custom	TRUE	TRUE	FALSE	-100	-1	0	0	0	31	34	TRUE	999983	0.158683022530479	0.63600317643273	6621	1022	0.0162336958518636	12825000	75
20220616 124204	binary	custom	TRUE	TRUE	FALSE	-100	-1	0	0	0	31	545	TRUE	999983	0.01135866923647	0.912598990223321	7986	877	0.0157154100731707	13047000	76
20220616 124224	binary	custom	TRUE	TRUE	FALSE	-100	-1	0	0	0	31	45	TRUE	999983	0.124233195541196	0.336213049336573	6694	995	0.0154431562522899	13149000	77
20220616 124236	binary	custom	TRUE	TRUE	FALSE	-100	-1	0	0	0	31	63	TRUE	999983	0.189585118521492	0.216929843166974	4711	1024	0.0159173265822254	13382000	78
20220616 124258	binary	custom	TRUE	TRUE	FALSE	-100	-1	0	0	0	31	40	TRUE	999983	0.183127234293307	0.25905282936348	6669	375	0.0161154803875808	13194000	79
20220616 124317	binary	custom	TRUE	TRUE	FALSE	-100	-1	0	0	0	31	123	TRUE	999983	0.0571502483839793	0.860484821827648	3959	1024	0.0160449937079273	13043000	80
20220616 124331	binary	custom	TRUE	TRUE	FALSE	-100	-1	0	0	0	31	94	TRUE	999983	0.0664585045816314	0.999939473122409	7978	658	0.0179087909327683	12601000	81
20220616 124402	binary	custom	TRUE	TRUE	FALSE	-100	-1	0	0	0	31	243	TRUE	999983	0.0235253137658706	0.675811230554593	7998	341	0.0146588576445611	13139000	82
20220616 124416	binary	custom	TRUE	TRUE	FALSE	-100	-1	0	0	0	31	34	TRUE	999983	0.0935500609622561	0.482965974389017	7474	434	0.0223097041626734	12734000	83
20220616 124428	binary	custom	TRUE	TRUE	FALSE	-100	-1	0	0	0	31	52	TRUE	999983	0.0852658063832341	0.83890645643261	6118	1024	0.0143937288167625	13297000	84
20220616 124447	binary	custom	TRUE	TRUE	FALSE	-100	-1	0	0	0	31	76	TRUE	999983	0.0859003895679488	0.756256773233093	5718	877	0.0161719697512914	13386000	85
20220616 124458	binary	custom	TRUE	TRUE	FALSE	-100	-1	0	0	0	31	47	TRUE	999983	0.0888638980015194	0.996652412557486	5757	319	0.014328475695033	13067000	86
20220616 124509	binary	custom	TRUE	TRUE	FALSE	-100	-1	0	0	0	31	25	TRUE	999983	0.176092519654357	0.257379353652738	6030	1024	0.0157574555213302	13265000	87
20220616 124532	binary	custom	TRUE	TRUE	FALSE	-100	-1	0	0	0	31	130	TRUE	999983	0.0723237282830022	0.366995343744919	5025	1018	0.0161868465804617	13439000	88
20220616 124543	binary	custom	TRUE	TRUE	FALSE	-100	-1	0	0	0	31	31	TRUE	999983	0.182063708702931	0.32315328483046	4476	905	0.0165781898206126	13104000	89
20220616 124558	binary	custom	TRUE	TRUE	FALSE	-100	-1	0	0	0	31	106	TRUE	999983	0.079831864563819	0.759763426445378	6633	96	0.0160549253217295	13331000	90
20220616 124739	binary	custom	TRUE	TRUE	FALSE	-100	-1	0	0	0	31	617	TRUE	999983	0.010208466229322	0.575729689848711	4941	1024	0.0136495504388467	13398000	91
20220616 124840	binary	custom	TRUE	TRUE	FALSE	-100	-1	0	0	0	31	340	TRUE	999983	0.0194582022222101	0.505029421208268	6184	1024	0.0161255812416461	13543000	92
20220616 124852	binary	custom	TRUE	TRUE	FALSE	-100	-1	0	0	0	31	41	TRUE	999983	0.171870698906544	0.301821847527259	7319	830	0.0225910750308612	12960000	93
20220616 124945	binary	custom	TRUE	TRUE	FALSE	-100	-1	0	0	0	31	359	TRUE	999983	0.0107627608643079	0.778642328383977	5942	666	0.0138866177800193	13293000	94
20220616 125014	binary	custom	TRUE	TRUE	FALSE	-100	-1	0	0	0	31	170	TRUE	999983	0.0417228375364797	0.328062116380302	6993	1014	0.0162255110336982	13352000	95
20220616 125042	binary	custom	TRUE	TRUE	FALSE	-100	-1	0	0	0	31	159	TRUE	999983	0.0227296719117055	0.997970718561743	5699	1024	0.0131527321932547	13075000	96
20220616 125308	binary	custom	TRUE	TRUE	FALSE	-100	-1	0	0	0	31	1025	TRUE	999983	0.0100411190184056	0.530178590361142	6382	39	0.0136072369329791	13266000	97
20220616 125451	binary	custom	TRUE	TRUE	FALSE	-100	-1	0	0	0	31	1036	TRUE	999983	0.0127918380340854	0.200777959919906	6530	248	0.0140736080824842	13185000	98
20220616 125519	binary	custom	TRUE	TRUE	FALSE	-100	-1	0	0	0	31	98	TRUE	999983	0.071744637352521	0.502866487790179	5927	1023	0.0162303486389556	13803000	99
20220616 125539	binary	custom	TRUE	TRUE	FALSE	-100	-1	0	0	0	31	85	TRUE	999983	0.0815300684762866	0.481277274220754	6333	1021	0.016346157697874	13532000	100
20220616 125610	binary	custom	TRUE	TRUE	FALSE	-100	-1	0	0	0	31	140	TRUE	999983	0.0610984126588928	0.523924900112255	5584	1011	0.0161158153395462	13332000	101
20220616 125621	binary	custom	TRUE	TRUE	FALSE	-100	-1	0	0	0	31	33	TRUE	999983	0.198967703061657	0.289782073803918	7745	1023	0.0173104434187015	13064000	102
20220616 125652	binary	custom	TRUE	TRUE	FALSE	-100	-1	0	0	0	31	205	TRUE	999983	0.0302997216333876	0.200871104124453	7201	467	0.0204937849134027	13109000	103
20220616 125706	binary	custom	TRUE	TRUE	FALSE	-100	-1	0	0	0	31	52	TRUE	999983	0.121137478065632	0.366391161172553	7979	567	0.0207829836225198	12799000	104
20220616 125716	binary	custom	TRUE	TRUE	FALSE	-100	-1	0	0	0	31	30	TRUE	999983	0.168558500884828	0.208638985646122	7993	453	0.0179057245832097	13185000	105
20220616 125727	binary	custom	TRUE	TRUE	FALSE	-100	-1	0	0	0	31	31	TRUE	999983	0.210501676307263	0.248157006259619	5233	57	0.0161492554298835	13294000	106
20220616 125922	binary	custom	TRUE	TRUE	FALSE	-100	-1	0	0	0	31	715	TRUE	999983	0.0100795171570552	0.476861181054559	5655	1019	0.0186607737679375	13531000	107
20220616 130023	binary	custom	TRUE	TRUE	FALSE	-100	-1	0	0	0	31	564	TRUE	999983	0.0127136433827573	0.907206768059921	6031	22	0.0185446308104636	13104000	108
20220616 130035	binary	custom	TRUE	TRUE	FALSE	-100	-1	0	0	0	31	39	TRUE	999983	0.196325942575305	0.206604607671542	2410	234	0.0160489170108321	12679000	109
20220616 130047	binary	custom	TRUE	TRUE	FALSE	-100	-1	0	0	0	31	56	TRUE	999983	0.219136159586708	0.279517946420634	5290	1006	0.0162726286012392	12929000	110
20220616 130057	binary	custom	TRUE	TRUE	FALSE	-100	-1	0	0	0	31	39	TRUE	999983	0.253079059362041	0.20405454138135	7683	35	0.0158020255348199	13299000	111
20220616 130113	binary	custom	TRUE	TRUE	FALSE	-100	-1	0	0	0	31	42	TRUE	999983	0.230546438459391	0.451574010597926	7939	16	0.0142156001689794	12931000	112
20220616 130125	binary	custom	TRUE	TRUE	FALSE	-100	-1	0	0	0	31	11	TRUE	999983	0.271785366549772	0.915367741022147	7306	18	0.0161750795956794	13178000	113
20220616 130135	binary	custom	TRUE	TRUE	FALSE	-100	-1	0	0	0	31	41	TRUE	999983	0.276994583894772	0.219627230279061	7563	17	0.018723954302742	12903000	114
20220616 130144	binary	custom	TRUE	TRUE	FALSE	-100	-1	0	0	0	31	25	TRUE	999983	0.27358699201441	0.261163510261903	5984	20	0.0136485781333783	12561000	115
20220616 130304	binary	custom	TRUE	TRUE	FALSE	-100	-1	0	0	0	31	599	TRUE	999983	0.0100630730718914	0.952178679341255	3667	1024	0.0170230026316567	13097000	116
20220616 130327	binary	custom	TRUE	TRUE	FALSE	-100	-1	0	0	0	31	116	TRUE	999983	0.0736356276556876	0.566127332471404	6031	1017	0.0160705100025657	13519000	117
20220616 130412	binary	custom	TRUE	TRUE	FALSE	-100	-1	0	0	0	31	405	TRUE	999983	0.0362260153138671	0.200742358062812	4370	91	0.0160223788680387	13532000	118
20220616 130509	binary	custom	TRUE	TRUE	FALSE	-100	-1	0	0	0	31	351	TRUE	999983	0.0153632048650049	0.287022922999889	6109	21	0.0217345153828956	12789000	119
20220616 130533	binary	custom	TRUE	TRUE	FALSE	-100	-1	0	0	0	31	62	TRUE	999983	0.0826231896398993	0.477857579448173	3645	1024	0.0121966619689888	13086000	120
20220616 130609	binary	custom	TRUE	TRUE	FALSE	-100	-1	0	0	0	31	198	TRUE	999983	0.0346983709852931	0.431894455315572	5918	16	0.0137852490834351	13382000	121
20220616 130624	binary	custom	TRUE	TRUE	FALSE	-100	-1	0	0	0	31	80	TRUE	999983	0.0930152088451373	0.200066165169502	4573	16	0.0134714678609157	13519000	122
20220616 130654	binary	custom	TRUE	TRUE	FALSE	-100	-1	0	0	0	31	165	TRUE	999983	0.0202820581129448	0.703766017840828	5967	1022	0.0185985342732508	13182000	123
20220616 130750	binary	custom	TRUE	TRUE	FALSE	-100	-1	0	0	0	31	448	TRUE	999983	0.0114152327770125	0.901629280663439	5977	281	0.0151463683130703	13406000	124
20220616 130818	binary	custom	TRUE	TRUE	FALSE	-100	-1	0	0	0	31	247	TRUE	999983	0.0274650678035544	0.827282537711109	7998	88	0.0167423432298277	13099000	125
20220616 130838	binary	custom	TRUE	TRUE	FALSE	-100	-1	0	0	0	31	84	TRUE	999983	0.0743908811527141	0.498987651501654	7997	17	0.0158979826260934	13201000	126
20220616 130859	binary	custom	TRUE	TRUE	FALSE	-100	-1	0	0	0	31	65	TRUE	999983	0.0522040604171139	0.495036342662037	5933	638	0.0131759595208499	13148000	127
20220616 131024	binary	custom	TRUE	TRUE	FALSE	-100	-1	0	0	0	31	650	TRUE	999983	0.0101924911856649	0.664532168429462	3513	1023	0.0102848521345229	12583000	128
20220616 131041	binary	custom	TRUE	TRUE	FALSE	-100	-1	0	0	0	31	40	TRUE	999983	0.0741215721742333	0.469005895969322	4151	1024	0.0215942340363905	12827000	129
20220616 131056	binary	custom	TRUE	TRUE	FALSE	-100	-1	0	0	0	31	57	TRUE	999983	0.0834012556166598	0.200146097966747	3463	1024	0.0139286358568093	12963000	130
20220616 131210	binary	custom	TRUE	TRUE	FALSE	-100	-1	0	0	0	31	446	TRUE	999983	0.0123475183968904	0.590284374718368	3857	21	0.0131747422201789	13319000	131
20220616 131226	binary	custom	TRUE	TRUE	FALSE	-100	-1	0	0	0	31	85	TRUE	999983	0.0485990297509514	0.921867883333787	3446	16	0.0145483537103857	13050000	132
20220616 131252	binary	custom	TRUE	TRUE	FALSE	-100	-1	0	0	0	31	140	TRUE	999983	0.0518407973218717	0.574788317454082	4630	17	0.00846414742357544	11407000	133
20220616 131311	binary	custom	TRUE	TRUE	FALSE	-100	-1	0	0	0	31	66	TRUE	999983	0.0692903742377228	0.59779905328445	2839	1024	0.0139291732374002	13222000	134
20220616 131328	binary	custom	TRUE	TRUE	FALSE	-100	-1	0	0	0	31	65	TRUE	999983	0.0698878162410586	0.999857908377294	2334	1024	0.0135156213451955	13072000	135
