fecha	num.trees	max.depth	min.node.size	mtry	xval_folds	ganancia	iteracion
20220524 221018	415	27	823	11	5	11490000	1
20220524 222308	629	23	616	28	5	10409000	2
20220524 223233	799	10	457	24	5	11110000	3
20220524 223356	220	3	914	40	5	10057000	4
20220524 223544	128	17	1044	20	5	10492000	5
20220524 230207	846	24	969	44	5	10193000	6
20220524 232659	666	27	174	50	5	8429000	7
20220524 232823	537	5	283	7	5	10291000	8
20220524 233131	484	7	1476	17	5	11241000	9
20220524 234233	554	14	494	33	5	10373000	10
20220524 234507	766	20	688	3	5	11117000	11
20220524 235204	274	13	1344	45	5	10832000	12
20220524 235503	941	2	11	30	5	9130000	13
20220524 235730	376	29	1284	9	5	11607000	14
20220524 235938	170	18	253	17	5	10286000	15
20220525 001750	953	12	1186	36	5	10976000	16
20220525 002447	1000	30	1315	10	5	11631000	17
20220525 002734	806	13	1283	4	5	11153000	18
20220525 003254	609	30	1380	13	5	11656000	19
20220525 003920	994	30	881	9	5	11730000	20
20220525 004124	694	30	962	2	5	10642000	21
20220525 004943	1000	22	798	12	5	11683000	22
20220525 005650	1000	30	814	10	5	11107000	23
20220525 010434	938	20	875	12	5	11546000	24
20220525 010554	374	18	784	3	5	11214000	25
20220525 010841	956	25	863	2	5	10913000	26
20220525 011334	554	23	1334	13	5	11900000	27
20220525 012039	586	26	1314	18	5	11379000	28
20220525 012338	462	22	1362	9	5	11831000	29
20220525 012902	632	17	1363	13	5	11823000	30
20220525 013358	516	17	757	14	5	11160000	31
20220525 014109	891	22	1363	12	5	11714000	32
20220525 014213	111	20	1338	12	5	11352000	33
20220525 014633	622	25	1335	10	5	11698000	34
20220525 015151	598	18	1329	13	5	11805000	35
20220525 020008	997	27	915	12	5	11797000	36
20220525 020437	510	21	1415	13	5	11778000	37
20220525 021051	1000	24	1452	9	5	11896000	38
20220525 021936	1000	24	1226	13	5	11527000	39
20220525 022525	999	24	1053	8	5	11510000	40
20220525 023120	948	20	1345	9	5	11498000	41
20220525 023438	515	26	1485	9	5	12066000	42
20220525 023725	477	25	1491	8	5	11498000	43
20220525 024241	616	25	631	12	5	11400000	44
20220525 024831	578	23	1347	15	5	11689000	45
20220525 025217	542	27	1500	10	5	11775000	46
20220525 025725	822	30	1500	9	5	11745000	47
20220525 030109	545	9	1362	14	5	11448000	48
20220525 030248	242	24	1471	9	5	11880000	49
20220525 030648	633	25	1500	9	5	11884000	50
20220525 030943	480	30	912	8	5	11548000	51
20220525 031503	586	30	842	13	5	11161000	52
20220525 032038	887	27	1411	9	5	11505000	53
20220525 032430	499	25	1122	11	5	11483000	54
20220525 032708	456	12	1491	9	5	11886000	55
20220525 033000	446	24	1500	9	5	11927000	56
20220525 033659	990	27	978	10	5	11510000	57
20220525 034206	1000	15	897	7	5	11618000	58
20220525 034523	502	22	1464	9	5	12054000	59
20220525 035412	999	20	1475	13	5	11689000	60
20220525 035431	109	1	729	12	5	-16000	61
20220525 035750	1000	9	1	5	5	11155000	62
20220525 040715	991	11	1500	18	5	11269000	63
20220525 041002	744	8	1499	7	5	10785000	64
20220525 041459	458	8	1500	27	5	11021000	65
20220525 041609	114	26	1499	13	5	10999000	66
20220525 041943	611	13	1	8	5	11021000	67
20220525 042328	561	15	1500	10	5	11708000	68
20220525 042740	452	11	1500	17	5	11594000	69
20220525 042836	363	10	392	2	5	9956000	70
20220525 044715	1000	9	8	44	5	10705000	71
20220525 045238	1000	16	309	7	5	11426000	72
20220525 050753	1000	30	1500	23	5	11115000	73
20220525 052011	1000	24	870	18	5	11247000	74
20220525 053214	516	26	1436	34	5	10765000	75
20220525 053618	614	23	887	9	5	11514000	76
20220525 060216	999	18	1499	40	5	10883000	77
20220525 060932	998	8	2	17	5	11322000	78
20220525 061216	1000	17	1500	2	5	10761000	79
20220525 062354	838	6	1500	50	5	10479000	80
20220525 063101	1000	12	1250	12	5	11430000	81
20220525 063647	670	8	1476	21	5	11298000	82
20220525 063835	101	9	1499	38	5	10876000	83
20220525 064126	100	21	1479	39	5	10482000	84
20220525 065700	1000	18	1500	24	5	11390000	85
20220525 065740	100	17	1500	6	5	11291000	86
20220525 072300	1000	30	1494	37	5	10685000	87
20220525 072633	993	5	655	12	5	10646000	88
20220525 074016	1000	18	169	20	5	10184000	89
20220525 080202	990	21	1482	33	5	10936000	90
20220525 081457	1000	7	1499	39	5	10817000	91
20220525 083046	1000	14	1500	27	5	11142000	92
20220525 083250	100	8	63	50	5	10282000	93
20220525 083712	580	23	1500	11	5	11807000	94
20220525 083838	379	14	1475	4	5	11281000	95
20220525 084049	249	21	1151	12	5	11541000	96
20220525 084211	392	16	1001	3	5	11038000	97
20220525 084646	1000	30	1489	6	5	11400000	98
20220525 085231	662	11	1500	16	5	11431000	99
20220525 085630	1000	7	20	9	5	11004000	100
20220525 085706	100	27	1	4	5	7646000	101
20220525 090530	1000	11	428	15	5	11351000	102
20220525 090824	1000	9	552	4	5	11094000	103
20220525 092022	613	10	951	42	5	11102000	104
20220525 092556	614	26	971	13	5	11436000	105
20220525 093109	319	23	1500	24	5	10977000	106
20220525 093436	537	30	1467	9	5	12014000	107
20220525 094542	521	13	1500	38	5	10941000	108
20220525 095402	1000	7	1077	23	5	10965000	109
20220525 100200	551	14	1334	24	5	10946000	110
20220525 100416	100	30	1353	30	5	10205000	111
20220525 100608	282	18	1500	9	5	11924000	112
20220525 100827	557	13	671	5	5	11053000	113
20220525 101003	608	1	1500	45	5	6113000	114
20220525 101549	252	12	1	41	5	10615000	115
20220525 102702	1000	30	1500	17	5	11643000	116
