fecha	gamma	alpha	lambda	subsample	tree_method	grow_policy	max_bin	max_depth	scale_pos_weight	eta	colsample_bytree	min_child_weight	max_leaves	prob_corte	nrounds	ganancia	iteracion
20220616 192429	0	0	0	1	hist	lossguide	256	0	1	0.169664147019503	0.481609219573438	2	513	0.0408006420029172	12	5487000	1
20220616 192523	0	0	0	1	hist	lossguide	256	0	1	0.0957776807424379	0.955905296383426	5	637	0.0268343506705908	20	9983000	2
20220616 192601	0	0	0	1	hist	lossguide	256	0	1	0.185243558907881	0.643981572678313	3	820	0.0313019191244772	11	8158000	3
20220616 192633	0	0	0	1	hist	lossguide	256	0	1	0.157832347507705	0.305529836323112	7	424	0.0373826275080016	10	7692000	4
20220616 192732	0	0	0	1	hist	lossguide	256	0	1	0.0653981569663156	0.724497425919399	5	714	0.023017924890155	34	10625000	5
20220616 192814	0	0	0	1	hist	lossguide	256	0	1	0.10564531692164	0.692201795680448	9	398	0.0494636804549373	33	7013000	6
20220616 192840	0	0	0	1	hist	lossguide	256	0	1	0.274884178636479	0.527461514389142	4	28	0.0198801750394826	18	9690000	7
20220616 192910	0	0	0	1	hist	lossguide	256	0	1	0.148516867771395	0.22611770324409	0	724	0.02799965517479	1	878000	8
20220616 192937	0	0	0	1	hist	lossguide	256	0	1	0.254977868330083	0.5896021584142	0	333	0.0343424415730018	1	1425000	9
20220616 193155	0	0	0	1	hist	lossguide	256	0	1	0.0162924240452703	0.628274165000767	10	517	0.0149781098691165	131	13392000	10
20220616 193222	0	0	0	1	hist	lossguide	256	0	1	0.238836721583735	0.788749627387151	8	808	0.00878811281290837	9	10888000	11
20220616 193301	0	0	0	1	hist	lossguide	256	0	1	0.11632534011174	0.820285053048283	6	208	0.0306210996141696	17	9382000	12
20220616 193336	0	0	0	1	hist	lossguide	256	0	1	0.129208551356453	0.279593881675974	7	138	0.0133262709840589	13	12163000	13
20220616 193415	0	0	0	1	hist	lossguide	256	0	1	0.21064154529653	0.398928059265018	4	951	0.0444412010421123	12	6410000	14
20220616 193535	0	0	0	1	hist	lossguide	256	0	1	0.0491742083641002	0.88306680880487	2	1007	0.0112735727224693	22	11926000	15
20220616 193600	0	0	0	1	hist	lossguide	256	0	1	0.285611808916554	0.420207212166861	6	54	0.0475800218007256	5	7470000	16
20220616 193649	0	0	0	1	hist	lossguide	256	0	1	0.0729776381946867	0.871651644650847	8	903	0.0437354291245962	34	7879000	17
20220616 193723	0	0	0	1	hist	lossguide	256	0	1	0.223206691156956	0.963082350604236	1	164	0.0183928405264548	4	7569000	18
20220616 193749	0	0	0	1	hist	lossguide	256	0	1	0.26712985932047	0.344125520065427	10	610	0.0229086908870765	17	10384000	19
20220616 193949	0	0	0	1	hist	lossguide	256	0	1	0.034126012095483	0.474170783841983	1	301	0.0392481365682518	41	3924000	20
20220616 194233	0	0	0	1	hist	lossguide	256	0	1	0.0107855932387624	0.641640423440004	10	233	0.00837945006095764	58	12136000	21
20220616 194631	0	0	0	1	hist	lossguide	256	0	1	0.010028389112804	0.358645654026852	10	1023	0.0141585802321839	318	13339000	22
20220616 195030	0	0	0	1	hist	lossguide	256	0	1	0.0100282348498708	0.407360397581635	9	658	0.0138074639253929	303	13162000	23
20220616 195433	0	0	0	1	hist	lossguide	256	0	1	0.0101861482586911	0.741925886496584	10	1002	0.0153760981176531	300	13279000	24
20220616 195847	0	0	0	1	hist	lossguide	256	0	1	0.0102624391264307	0.999619069473672	4	470	0.00841118074682446	111	12386000	25
20220616 200228	0	0	0	1	hist	lossguide	256	0	1	0.010187689428592	0.5246584868477	10	756	0.0133864091743151	246	13447000	26
20220616 200605	0	0	0	1	hist	lossguide	256	0	1	0.0103559987605386	0.942689395049191	6	1024	0.0101051406030015	110	12676000	27
20220616 201042	0	0	0	1	hist	lossguide	256	0	1	0.0100902034119345	0.22233943557436	10	584	0.0140723655950517	518	13156000	28
20220616 201433	0	0	0	1	hist	lossguide	256	0	1	0.0100746399207666	0.981999085442296	7	457	0.0135572906213719	189	13196000	29
20220616 201823	0	0	0	1	hist	lossguide	256	0	1	0.0100115197555496	0.604963192309963	7	527	0.0118384799576026	201	13133000	30
20220616 202212	0	0	0	1	hist	lossguide	256	0	1	0.0101658307958474	0.96023130945471	10	612	0.0142895358811136	271	13594000	31
20220616 202456	0	0	0	1	hist	lossguide	256	0	1	0.010091487770846	0.913266516534671	6	2	0.00995716161096773	821	11055000	32
20220616 202841	0	0	0	1	hist	lossguide	256	0	1	0.0102143107694293	0.999500948530647	8	801	0.014525975437884	169	12948000	33
20220616 203236	0	0	0	1	hist	lossguide	256	0	1	0.0100105133096738	0.979686987060914	10	627	0.0176703369499187	267	12632000	34
20220616 203329	0	0	0	1	hist	lossguide	256	0	1	0.0582722302655787	0.87307997172861	10	557	0.01316779936713	36	13341000	35
20220616 203721	0	0	0	1	hist	lossguide	256	0	1	0.0106142356806888	0.983562503231731	4	1012	0.0136343848005178	88	12368000	36
20220616 204101	0	0	0	1	hist	lossguide	256	0	1	0.0101259168290111	0.99020830711048	10	1020	0.0121688510227314	216	13368000	37
20220616 204433	0	0	0	1	hist	lossguide	256	0	1	0.0100121910282877	0.806567733205863	10	608	0.0121934281075524	213	13400000	38
20220616 204839	0	0	0	1	hist	lossguide	256	0	1	0.0100121517498257	0.298437429786335	7	1020	0.0136934051400871	290	13324000	39
20220616 204949	0	0	0	1	hist	lossguide	256	0	1	0.0443013116877531	0.243652842551158	4	1010	0.00833791045627585	11	11931000	40
20220616 205229	0	0	0	1	hist	lossguide	256	0	1	0.0131699847862539	0.994057579377292	10	426	0.0135981323201557	131	13176000	41
20220616 205630	0	0	0	1	hist	lossguide	256	0	1	0.010437051705798	0.451171448091916	7	630	0.0147624131660991	265	13398000	42
20220616 205725	0	0	0	1	hist	lossguide	256	0	1	0.0712830936134284	0.700850831028732	7	690	0.0142795773804982	43	12297000	43
20220616 210200	0	0	0	1	hist	lossguide	256	0	1	0.0102981453687326	0.229861358241451	7	490	0.0138272158164802	407	13087000	44
20220616 210253	0	0	0	1	hist	lossguide	256	0	1	0.299531608694374	0.381427510229416	10	2	0.013890056433248	209	12957000	45
20220616 210319	0	0	0	1	hist	lossguide	256	0	1	0.299923860705849	0.421981767612533	10	494	0.0127707384910709	9	11535000	46
20220616 210400	0	0	0	1	hist	lossguide	256	0	1	0.160527824853997	0.351529900009953	10	2	0.014698436099765	243	12954000	47
20220616 210425	0	0	0	1	hist	lossguide	256	0	1	0.299809282756839	0.977536605363039	10	2	0.0146506619661797	106	12821000	48
20220616 210718	0	0	0	1	hist	lossguide	256	0	1	0.0100262815688432	0.383381675186492	8	13	0.0148251429890168	342	13528000	49
20220616 211115	0	0	0	1	hist	lossguide	256	0	1	0.0100328139536604	0.456304943073425	8	206	0.0148181586351874	291	13171000	50
20220616 211415	0	0	0	1	hist	lossguide	256	0	1	0.0101058429339375	0.382929390467292	7	1023	0.00834228705393793	57	12584000	51
20220616 211914	0	0	0	1	hist	lossguide	256	0	1	0.0128713801070538	0.473401338406966	9	2	0.0145959533710432	2145	13111000	52
20220616 212247	0	0	0	1	hist	lossguide	256	0	1	0.0101962717253457	0.901211525469205	10	661	0.0138162900457104	219	13600000	53
20220616 212638	0	0	0	1	hist	lossguide	256	0	1	0.0100245775505857	0.906866635656617	10	865	0.0137701052716697	262	13519000	54
20220616 212935	0	0	0	1	hist	lossguide	256	0	1	0.0102762181852716	0.4208457756392	7	11	0.0151102540199281	375	13487000	55
20220616 213320	0	0	0	1	hist	lossguide	256	0	1	0.0101302403243557	0.284801761451752	7	2	0.0189961194672754	1402	13007000	56
20220616 213355	0	0	0	1	hist	lossguide	256	0	1	0.285118015893246	0.997878409698169	3	1005	0.00833808111839372	16	8764000	57
20220616 213814	0	0	0	1	hist	lossguide	256	0	1	0.0100035971336662	0.512083076791756	3	546	0.0117711258099956	131	12797000	58
20220616 214146	0	0	0	1	hist	lossguide	256	0	1	0.0110583463097755	0.999902616888752	10	646	0.013501267148142	214	13373000	59
20220616 214805	0	0	0	1	hist	lossguide	256	0	1	0.0102943381295265	0.205514083356542	8	3	0.0149240149566514	2411	13270000	60
20220616 215317	0	0	0	1	hist	lossguide	256	0	1	0.0100132653927883	0.501575638927833	5	532	0.0143373269646774	414	12880000	61
20220616 215355	0	0	0	1	hist	lossguide	256	0	1	0.202965373408819	0.952029036684956	10	543	0.0142559074435148	19	11871000	62
20220616 215519	0	0	0	1	hist	lossguide	256	0	1	0.0483277405325756	0.871082993130129	10	2	0.0147905958541684	533	13218000	63
20220616 215924	0	0	0	1	hist	lossguide	256	0	1	0.0107610368937901	0.373838441627868	10	2	0.0146231881293126	1635	12885000	64
20220616 220143	0	0	0	1	hist	lossguide	256	0	1	0.012129128361776	0.677255614494332	10	1023	0.00833378216440166	33	12183000	65
20220616 220212	0	0	0	1	hist	lossguide	256	0	1	0.292322017057616	0.399509133585264	8	2	0.0155528041119635	148	13237000	66
20220616 220550	0	0	0	1	hist	lossguide	256	0	1	0.0100906069919695	0.859396880885606	10	596	0.0143575357156568	231	13435000	67
20220616 220630	0	0	0	1	hist	lossguide	256	0	1	0.262794995710876	0.621867123422853	10	2	0.014849219202886	186	13230000	68
20220616 220957	0	0	0	1	hist	lossguide	256	0	1	0.0106266539138782	0.936217310498369	10	607	0.0122425850956507	214	13477000	69
20220616 221028	0	0	0	1	hist	lossguide	256	0	1	0.299798754616265	0.658923682187258	9	2	0.0120934234902556	160	12738000	70
20220616 221122	0	0	0	1	hist	lossguide	256	0	1	0.0896642516357967	0.618129475150325	10	2	0.0139953944524697	312	13085000	71
20220616 221350	0	0	0	1	hist	lossguide	256	0	1	0.0172248724903373	0.945875126372798	10	1024	0.0141984344827973	168	13475000	72
20220616 221501	0	0	0	1	hist	lossguide	256	0	1	0.047105547412896	0.95618868010808	8	2	0.0160287306528189	410	13212000	73
20220616 221631	0	0	0	1	hist	lossguide	256	0	1	0.0398043970886428	0.405833204967074	8	2	0.0161964362818704	569	13140000	74
20220616 221707	0	0	0	1	hist	lossguide	256	0	1	0.264599415482794	0.272296624927021	9	3	0.0153372011623242	115	12601000	75
20220616 221915	0	0	0	1	hist	lossguide	256	0	1	0.0192256028009236	0.940204597470907	10	678	0.0140642411550994	129	13381000	76
20220616 222002	0	0	0	1	hist	lossguide	256	0	1	0.169744298413014	0.944411676942925	8	2	0.0150924829384627	279	13055000	77
20220616 222046	0	0	0	1	hist	lossguide	256	0	1	0.289094468425346	0.817399039281773	8	2	0.019673865957096	267	12992000	78
20220616 222121	0	0	0	1	hist	lossguide	256	0	1	0.210324813015096	0.478870887925108	8	2	0.0150647994702188	183	13029000	79
20220616 222207	0	0	0	1	hist	lossguide	256	0	1	0.137035938859963	0.964089324502248	10	2	0.0223220087646196	257	12713000	80
20220616 222301	0	0	0	1	hist	lossguide	256	0	1	0.299778745182216	0.953879477356644	10	2	0.028537257467899	351	11578000	81
20220616 222641	0	0	0	1	hist	lossguide	256	0	1	0.0100486283035234	0.615092079120434	10	1021	0.0134012036929288	265	13501000	82
20220616 223030	0	0	0	1	hist	lossguide	256	0	1	0.0100290324407396	0.625639740561675	10	613	0.0134931080141596	271	13431000	83
20220616 223422	0	0	0	1	hist	lossguide	256	0	1	0.0101410204053135	0.53386568107364	10	1022	0.0147907507107212	263	13698000	84
20220616 223831	0	0	0	1	hist	lossguide	256	0	1	0.0101636985678901	0.549329706483705	3	867	0.00833458191051556	91	12757000	85
20220616 224204	0	0	0	1	hist	lossguide	256	0	1	0.0100467514944223	0.523095031743585	10	1024	0.0249917375761864	203	11777000	86
20220616 224425	0	0	0	1	hist	lossguide	256	0	1	0.0101730127481784	0.250628656986107	4	3	0.00839820783180976	466	11663000	87
20220616 224906	0	0	0	1	hist	lossguide	256	0	1	0.0100413050982008	0.200765601332983	10	1003	0.0148319409019107	508	12972000	88
20220616 225315	0	0	0	1	hist	lossguide	256	0	1	0.0101029272403057	0.491076301722101	7	902	0.0143859178659073	272	13180000	89
20220616 225656	0	0	0	1	hist	lossguide	256	0	1	0.0104345970785153	0.909443489408568	9	545	0.0136024666698836	237	13555000	90
20220616 225720	0	0	0	1	hist	lossguide	256	0	1	0.2885387312187	0.773047132047831	10	3	0.0157319422691968	63	12740000	91
20220616 225754	0	0	0	1	hist	lossguide	256	0	1	0.299843520747011	0.552887251784402	9	2	0.0206820085738909	187	12931000	92
20220616 225842	0	0	0	1	hist	lossguide	256	0	1	0.095519667733773	0.968876692241038	10	2	0.0150320483843283	253	13049000	93
20220616 225935	0	0	0	1	hist	lossguide	256	0	1	0.0612946808812463	0.54679906585738	10	1023	0.0147599683225786	39	13405000	94
20220616 230641	0	0	0	1	hist	lossguide	256	0	1	0.0102129359897345	0.323344417478652	7	2	0.0136613984668321	3197	13069000	95
20220616 231021	0	0	0	1	hist	lossguide	256	0	1	0.0127621597413603	0.889736323668421	8	3	0.0212067265364506	1231	12602000	96
20220616 231100	0	0	0	1	hist	lossguide	256	0	1	0.181482057128094	0.984660955379656	10	1024	0.0314220395084885	21	9324000	97
20220616 231123	0	0	0	1	hist	lossguide	256	0	1	0.282287830632867	0.353866025716372	8	2	0.00833697112890833	81	10632000	98
20220616 232453	0	0	0	1	hist	lossguide	256	0	1	0.0103363425335922	0.695347555290319	0	542	0.00834941578731864	76	2756000	99
20220616 232917	0	0	0	1	hist	lossguide	256	0	1	0.0100859307995262	0.777916894588211	4	656	0.0112891822367518	142	13360000	100
20220616 233352	0	0	0	1	hist	lossguide	256	0	1	0.010061910970917	0.906803144207344	3	654	0.0130933914623014	114	12433000	101
20220616 233720	0	0	0	1	hist	lossguide	256	0	1	0.0110019658405177	0.88820681153733	8	1024	0.0120229384608569	178	13121000	102
20220616 234127	0	0	0	1	hist	lossguide	256	0	1	0.0100479864739436	0.461181839397184	4	685	0.0110995854471032	126	13054000	103
20220616 234151	0	0	0	1	hist	lossguide	256	0	1	0.281028293339373	0.969974055266477	8	15	0.0150705720378401	16	11631000	104
20220616 234239	0	0	0	1	hist	lossguide	256	0	1	0.0984959263384448	0.769960053108516	3	814	0.0102429100527561	10	11422000	105
20220616 234259	0	0	0	1	hist	lossguide	256	0	1	0.299825359132573	0.400525067763473	7	3	0.0206748579688495	44	12082000	106
20220616 234354	0	0	0	1	hist	lossguide	256	0	1	0.162630734032788	0.683162769481675	8	2	0.0193513026265388	352	13355000	107
20220616 234429	0	0	0	1	hist	lossguide	256	0	1	0.17364384171844	0.934813378260091	9	2	0.019586710494988	184	12840000	108
20220616 234500	0	0	0	1	hist	lossguide	256	0	1	0.299339500433056	0.621944814447651	8	2	0.02384960293665	153	12203000	109
20220616 234547	0	0	0	1	hist	lossguide	256	0	1	0.135171807628062	0.792229371205042	8	2	0.0153120342480708	285	13349000	110
20220616 234900	0	0	0	1	hist	lossguide	256	0	1	0.0101596947924958	0.623597092051468	4	9	0.0159661529526765	575	13198000	111
20220616 234950	0	0	0	1	hist	lossguide	256	0	1	0.154582014678048	0.894756225798287	7	2	0.0193540532439104	254	12922000	112
20220616 235333	0	0	0	1	hist	lossguide	256	0	1	0.0100406082015354	0.675176521797263	4	1024	0.00971438161895437	66	12967000	113
20220616 235815	0	0	0	1	hist	lossguide	256	0	1	0.0100029843443205	0.726917943824707	4	377	0.0148679808553594	236	12752000	114
20220616 235846	0	0	0	1	hist	lossguide	256	0	1	0.160958595007893	0.799794593897885	10	2	0.0117417118936372	142	12629000	115
20220616 235934	0	0	0	1	hist	lossguide	256	0	1	0.0619535269789538	0.509255169989204	10	514	0.0147879735309235	29	13094000	116
20220617 000011	0	0	0	1	hist	lossguide	256	0	1	0.156572513050755	0.233436638862181	8	1024	0.0151832419333269	11	12282000	117
20220617 000347	0	0	0	1	hist	lossguide	256	0	1	0.010091914536112	0.638694464113741	8	4	0.0149565944886368	979	13530000	118
20220617 000850	0	0	0	1	hist	lossguide	256	0	1	0.0100944962123449	0.337425206814788	8	1011	0.0154544432077376	546	13023000	119
20220617 001259	0	0	0	1	hist	lossguide	256	0	1	0.0100826242179701	0.391899892580669	4	53	0.0182961850600357	309	12703000	120
