fecha	cp	minsplit	minbucket	maxdepth	xval_folds	ganancia	iteracion
20220517 183633	-0.0974208255895064	5402	1105	16	5	9790000	1
20220517 183747	-0.884524640528252	2023	488	12	5	10027000	2
20220517 184838	-0.0974208255895064	5402	1105	16	5	9790000	3
20220517 184912	-0.884524640528252	2023	488	12	5	10027000	4
20220517 184943	-0.745294187242689	4092	600	11	5	10662000	5
20220517 185008	-0.0164319976509432	1126	155	6	5	9693000	6
20220517 185035	-0.232464154265472	7478	980	13	5	8452000	7
20220517 185105	-0.3057848818411	2879	1168	14	5	9608000	8
20220517 185133	-0.472649573006493	5802	1347	19	5	9614000	9
20220517 185159	-0.825840101034555	6131	1717	8	5	9755000	10
20220517 185226	-0.132282194324944	4578	1769	16	5	9852000	11
20220517 185249	-0.388516852234898	7950	703	7	5	8452000	12
20220517 185308	0.0326842843060149	3587	752	10	5	0	13
20220517 185326	-0.948893934117223	1789	63	4	5	9691000	14
20220517 185359	-0.691824375596479	6673	366	18	5	9120000	15
20220517 185422	-0.791500771596717	5308	1638	6	5	9797000	16
20220517 185451	-0.388983419832463	5461	1004	19	5	10047000	17
20220517 185510	0.0320874626282603	1380	432	14	5	0	18
20220517 185539	-0.253689526515452	6227	1260	17	5	9840000	19
20220517 185558	-0.107814417030966	11	1	4	5	9101000	20
20220517 185627	-0.792525265836081	2513	361	8	5	10271000	21
20220517 185700	-0.765686858734458	3474	473	10	5	10708000	22
20220517 185715	-0.044929688169132	497	3	3	5	8767000	23
20220517 185747	-0.680137599827964	2468	1231	10	5	10271000	24
20220517 185818	-0.524045878023309	3954	976	15	5	10636000	25
20220517 185849	-0.753901002910419	3617	1318	14	5	10007000	26
20220517 185918	-0.977467550162629	4542	793	9	5	10319000	27
20220517 185950	-0.867744546242727	7223	5	10	5	8184000	28
20220517 190021	-0.823494983725917	3127	955	10	5	10060000	29
20220517 190050	-0.449814152955661	5090	1637	14	5	10027000	30
20220517 190130	-0.648512407498983	2732	506	13	5	10350000	31
20220517 190159	-0.547852378724437	1154	311	6	5	10668000	32
20220517 190224	-0.663261506291651	3812	516	6	5	10708000	33
20220517 190247	-0.387621929389608	2563	1	6	5	8772000	34
20220517 190312	-0.672613290209944	1222	611	6	5	10781000	35
20220517 190345	-0.646251887694684	966	475	9	5	9739000	36
20220517 190407	-0.555217430737136	2229	1114	5	5	10419000	37
20220517 190431	-0.999941001470445	3480	595	6	5	10673000	38
20220517 190501	-0.426526502557286	2856	1229	16	5	10274000	39
20220517 190530	-0.593387384552784	4415	1140	13	5	9958000	40
20220517 190603	-0.748243855159172	3506	481	15	5	10708000	41
20220517 190633	-0.0971907786692651	5439	1263	20	5	9840000	42
20220517 190702	-0.552594294634555	3762	1881	7	5	10195000	43
20220517 190738	-0.691594872352209	1864	806	20	5	9744000	44
20220517 190807	-0.679772914521671	3375	1165	7	5	10252000	45
20220517 190838	-0.999608869093546	3667	1821	8	5	9956000	46
20220517 190902	-0.616434963013136	1405	445	5	5	10826000	47
20220517 190919	-0.999969722279672	5624	751	3	5	9189000	48
20220517 190956	-0.999997870275168	3304	635	16	5	10673000	49
20220517 191054	-0.999934023590817	5	2	16	5	8126000	50
20220517 191128	-0.999977297878308	4490	888	20	5	10301000	51
20220517 191203	-0.999975635250595	4415	576	14	5	10310000	52
20220517 191235	-0.999953200413922	3719	1858	18	5	10200000	53
20220517 191309	-0.908242091519551	3658	891	18	5	10566000	54
20220517 191344	-0.697769891266479	3712	786	16	5	10775000	55
20220517 191415	-0.999993890480262	4998	1084	17	5	10066000	56
20220517 191446	-0.694749815343283	4000	1999	10	5	10154000	57
20220517 191517	-0.812289224937394	4007	2000	20	5	10154000	58
20220517 191544	-0.595586139609159	1987	555	6	5	10281000	59
20220517 191608	-0.700701865089246	633	313	5	5	11409000	60
20220517 191625	-0.477954870710905	7991	1999	3	5	8533000	61
20220517 191646	-0.764403546557684	3930	308	5	5	10708000	62
20220517 191710	-0.697802925681351	14	4	6	5	9794000	63
20220517 191726	-0.730413128957634	757	377	3	5	9207000	64
20220517 191748	-0.218733208084002	3420	1710	5	5	10065000	65
20220517 191810	-0.990990107622709	639	317	5	5	11409000	66
20220517 191836	-0.860182191456675	672	335	6	5	10873000	67
20220517 191901	-0.999933649288118	8000	1999	20	5	8452000	68
20220517 191929	-0.322549531299753	3995	1997	20	5	10155000	69
20220517 191941	0.0995133086948363	7986	1954	4	5	0	70
20220517 192003	-0.388659334053855	2974	1487	5	5	9908000	71
20220517 192023	-0.999938616193355	7972	1685	5	5	8452000	72
20220517 192048	-0.94808637522908	979	489	5	5	10851000	73
20220517 192118	-0.999870188551428	705	339	7	5	10417000	74
20220517 192142	-0.222663836833439	857	427	5	5	11009000	75
20220517 192206	-0.186295764303462	4661	310	5	5	10200000	76
20220517 192246	-0.99972044608562	3720	298	19	5	10708000	77
20220517 192340	-0.200987366701179	5139	1	20	5	9615000	78
20220517 192418	-0.352316479838372	5055	366	16	5	10267000	79
20220517 192458	-0.501845435132022	3872	293	20	5	10708000	80
20220517 192554	-0.854766223221864	3900	1	20	5	9963000	81
20220517 192634	-0.546452761727055	3448	306	18	5	10708000	82
20220517 192658	-0.999838727469378	4980	307	5	5	10267000	83
20220517 192730	-0.550084181766034	4023	2000	16	5	10154000	84
20220517 192755	-0.162695396533002	1809	904	5	5	10659000	85
20220517 192831	-0.201296780707801	3644	918	19	5	10589000	86
20220517 192904	-0.542548266010943	3384	1692	20	5	10225000	87
20220517 192929	-0.677186522795008	3978	1987	5	5	10167000	88
20220517 192958	-0.179604765565143	1249	345	6	5	10677000	89
20220517 193033	-0.141001431131828	8000	629	19	5	8452000	90
20220517 193118	-0.348324562705512	377	187	20	5	8524000	91
20220517 193154	-0.65429550641817	3986	234	16	5	10660000	92
20220517 193223	-0.999981858695086	3912	1493	11	5	10039000	93
20220517 193257	-0.66189421855559	3861	461	19	5	10708000	94
20220517 193323	-0.53923584690299	7998	1890	9	5	8452000	95
20220517 193344	-0.677717694432537	7983	349	5	5	8452000	96
20220517 193418	-0.705116290874662	3814	292	12	5	10708000	97
20220517 193456	-0.857808894325156	3883	409	17	5	10708000	98
20220517 193521	-0.738936038668053	836	349	5	5	11148000	99
20220517 193548	-0.262007239492523	4339	1111	6	5	10051000	100
20220517 193625	-0.99966500298564	3568	323	11	5	10708000	101
20220517 193643	-0.999839066880857	3958	1969	3	5	8746000	102
20220517 193716	-0.993350384128798	2919	1459	20	5	9872000	103
20220517 193752	-0.291023404850535	4078	694	20	5	10662000	104
20220517 193827	-0.482011436983297	4098	649	17	5	10662000	105
20220517 193853	-0.507217961926328	746	369	5	5	11116000	106
20220517 193916	-0.50579874377325	5332	383	5	5	10037000	107
20220517 193941	-0.0844541657893652	811	405	5	5	11030000	108
20220517 194014	-0.22386345773534	4787	1032	16	5	10202000	109
20220517 194048	-0.291960711575009	3021	1502	19	5	9905000	110
20220517 194119	-0.978343228902687	4154	2000	15	5	10154000	111
20220517 194143	-0.122442368524365	1771	303	5	5	11004000	112
20220517 194223	-0.937618342826131	4030	314	16	5	10708000	113
20220517 194302	-0.124758709884279	3471	425	20	5	10708000	114
20220517 194332	-0.315593445565919	6195	2000	15	5	9679000	115
20220517 194404	-0.0982759238262515	4002	2000	20	5	10154000	116
20220517 194442	-0.409040668609779	3280	496	20	5	10664000	117
20220517 194520	-0.928463444617422	3324	443	20	5	10676000	118
