fecha	gamma	alpha	lambda	subsample	tree_method	grow_policy	max_bin	max_leaves	scale_pos_weight	eta	colsample_bytree	min_child_weight	max_depth	prob_corte	nrounds	ganancia	iteracion
20220616 144921	0	0	0	1	auto	depthwise	256	0	1	0.169664147019503	0.481609219573438	2	16	0.0408006420029172	18	6090000	1
20220616 150016	0	0	0	1	auto	depthwise	256	0	1	0.0957776807424379	0.955905296383426	5	20	0.0268343506705908	28	9683000	2
20220616 150628	0	0	0	1	auto	depthwise	256	0	1	0.185243558907881	0.643981572678313	3	25	0.0313019191244772	10	7895000	3
20220616 150908	0	0	0	1	auto	depthwise	256	0	1	0.157832347507705	0.305529836323112	7	13	0.0373826275080016	27	8686000	4
20220616 151919	0	0	0	1	auto	depthwise	256	0	1	0.0653981569663156	0.724497425919399	5	22	0.023017924890155	25	10848000	5
20220616 152539	0	0	0	1	auto	depthwise	256	0	1	0.10564531692164	0.692201795680448	9	13	0.0494636804549373	44	7367000	6
20220616 152720	0	0	0	1	auto	depthwise	256	0	1	0.274884178636479	0.527461514389142	4	2	0.0198801750394826	121	12413000	7
20220616 152917	0	0	0	1	auto	depthwise	256	0	1	0.148516867771395	0.22611770324409	0	22	0.02799965517479	2	1399000	8
20220616 153243	0	0	0	1	auto	depthwise	256	0	1	0.254977868330083	0.5896021584142	0	11	0.0343424415730018	4	6292000	9
20220616 155304	0	0	0	1	auto	depthwise	256	0	1	0.0162924240452703	0.628274165000767	10	16	0.0149781098691165	120	13271000	10
20220616 155817	0	0	0	1	auto	depthwise	256	0	1	0.238836721583735	0.788749627387151	8	24	0.00878811281290837	14	11026000	11
20220616 160437	0	0	0	1	auto	depthwise	256	0	1	0.11632534011174	0.820285053048283	6	7	0.0306210996141696	85	10580000	12
20220616 160642	0	0	0	1	auto	depthwise	256	0	1	0.129208551356453	0.279593881675974	7	5	0.0133262709840589	87	12277000	13
20220616 161010	0	0	0	1	auto	depthwise	256	0	1	0.21064154529653	0.398928059265018	4	28	0.0444412010421123	7	6763000	14
20220616 162937	0	0	0	1	auto	depthwise	256	0	1	0.0491742083641002	0.88306680880487	2	30	0.0112735727224693	36	11715000	15
20220616 163026	0	0	0	1	auto	depthwise	256	0	1	0.285611808916554	0.420207212166861	6	3	0.0475800218007256	7	7703000	16
20220616 164215	0	0	0	1	auto	depthwise	256	0	1	0.0729776381946867	0.871651644650847	8	27	0.0437354291245962	39	7397000	17
20220616 164515	0	0	0	1	auto	depthwise	256	0	1	0.223206691156956	0.963082350604236	1	6	0.0183928405264548	5	9940000	18
20220616 164727	0	0	0	1	auto	depthwise	256	0	1	0.26712985932047	0.344125520065427	10	19	0.0229086908870765	11	10314000	19
20220616 165828	0	0	0	1	auto	depthwise	256	0	1	0.034126012095483	0.474170783841983	1	10	0.0392481365682518	135	8391000	20
20220616 172054	0	0	0	1	auto	depthwise	256	0	1	0.0103551382470809	0.583013143163395	6	2	0.00834390120263465	1903	11437000	21
20220616 172306	0	0	0	1	auto	depthwise	256	0	1	0.103594958112182	0.571957637657245	10	2	0.0159505775717217	129	13506000	22
20220616 172516	0	0	0	1	auto	depthwise	256	0	1	0.213364024160929	0.581517949492075	8	2	0.0166301398170973	159	13196000	23
20220616 173843	0	0	0	1	auto	depthwise	256	0	1	0.0106395673896681	0.488862633102727	9	3	0.0184880624024178	675	13430000	24
20220616 174327	0	0	0	1	auto	depthwise	256	0	1	0.0791038178120018	0.528362939806095	10	8	0.0171477179732897	42	12883000	25
20220616 180106	0	0	0	1	auto	depthwise	256	0	1	0.0100068203038739	0.694143357830892	9	2	0.015409127508201	1153	13151000	26
20220616 184150	0	0	0	1	auto	depthwise	256	0	1	0.0100169442214453	0.653103169378387	10	30	0.0142041685465225	248	13367000	27
20220616 185901	0	0	0	1	auto	depthwise	256	0	1	0.0100187009108144	0.405361314647214	10	2	0.0141912817177615	1820	13166000	28
20220616 190644	0	0	0	1	auto	depthwise	256	0	1	0.0171881902280111	0.511601861339637	10	2	0.0226096608763097	578	12753000	29
20220616 191709	0	0	0	1	auto	depthwise	256	0	1	0.0267068057742797	0.550667459448008	7	2	0.0180296927558235	941	13046000	30
20220616 191832	0	0	0	1	auto	depthwise	256	0	1	0.24168428297228	0.603160818888259	10	2	0.0198521274193754	60	12646000	31
20220616 195326	0	0	0	1	auto	depthwise	256	0	1	0.0100754157825135	0.557515238325368	9	26	0.0127641847058394	208	13444000	32
20220616 195520	0	0	0	1	auto	depthwise	256	0	1	0.140911246032783	0.462044153195197	9	2	0.0157421315203564	132	13122000	33
20220616 195635	0	0	0	1	auto	depthwise	256	0	1	0.299949998735565	0.657359202462004	6	2	0.0152257761797483	35	12656000	34
20220616 201303	0	0	0	1	auto	depthwise	256	0	1	0.0109040895134162	0.576282619525481	10	2	0.0165859091341776	1284	13060000	35
20220616 201506	0	0	0	1	auto	depthwise	256	0	1	0.106063768754314	0.662857333344058	9	2	0.0143398752188005	91	13191000	36
20220616 211443	0	0	0	1	auto	depthwise	256	0	1	0.0101504572659105	0.761240075591571	8	30	0.0153940544477947	368	12842000	37
20220616 213418	0	0	0	1	auto	depthwise	256	0	1	0.0100159127399076	0.216864085195789	9	21	0.0154622818958836	423	13282000	38
20220616 213625	0	0	0	1	auto	depthwise	256	0	1	0.235225120869524	0.996231990566729	5	2	0.0151803395462145	68	12943000	39
20220616 213745	0	0	0	1	auto	depthwise	256	0	1	0.193226241987573	0.527007431220543	10	2	0.00997555586867698	75	12292000	40
20220616 213908	0	0	0	1	auto	depthwise	256	0	1	0.230239585612662	0.696840961867443	6	2	0.0190230036570453	54	11818000	41
20220616 214109	0	0	0	1	auto	depthwise	256	0	1	0.299535118371835	0.998648828945985	4	3	0.0122438352828599	31	11533000	42
20220616 214240	0	0	0	1	auto	depthwise	256	0	1	0.225996011779117	0.616128051272219	10	2	0.0151822493325042	79	13230000	43
20220616 214432	0	0	0	1	auto	depthwise	256	0	1	0.184449088994444	0.984323863917951	10	2	0.0159766624458316	56	12937000	44
20220616 215332	0	0	0	1	auto	depthwise	256	0	1	0.018993693574763	0.580058771003519	4	2	0.0158365363497535	650	12926000	45
20220616 215936	0	0	0	1	auto	depthwise	256	0	1	0.0207360152159611	0.345460991784664	10	2	0.0197541417437369	646	13404000	46
20220616 222236	0	0	0	1	auto	depthwise	256	0	1	0.0100412926828683	0.314611188503498	10	30	0.0137765067969478	334	13222000	47
20220616 222335	0	0	0	1	auto	depthwise	256	0	1	0.275556127254083	0.247248734385596	8	2	0.0157193935241076	79	13400000	48
20220616 230246	0	0	0	1	auto	depthwise	256	0	1	0.014710135719176	0.998599176026759	10	26	0.0110506542596915	139	12817000	49
20220616 231104	0	0	0	1	auto	depthwise	256	0	1	0.0101110186343717	0.240474393391349	8	2	0.0198994370347761	1027	13181000	50
20220616 231157	0	0	0	1	auto	depthwise	256	0	1	0.25717885438669	0.356037138945415	4	2	0.0148949567033493	50	12798000	51
20220616 231300	0	0	0	1	auto	depthwise	256	0	1	0.299933873760768	0.318434412059366	10	2	0.0177735650342491	89	12431000	52
20220616 231418	0	0	0	1	auto	depthwise	256	0	1	0.264106292053256	0.556272350190774	8	2	0.0153229969486141	59	13695000	53
20220617 002322	0	0	0	1	auto	depthwise	256	0	1	0.0100259715599204	0.993143713602419	4	20	0.0139805406696099	227	12511000	54
20220617 002758	0	0	0	1	auto	depthwise	256	0	1	0.03771366843081	0.279783501175523	9	2	0.0156976849096489	593	13315000	55
20220617 010104	0	0	0	1	auto	depthwise	256	0	1	0.0100373255358388	0.392578262509666	5	30	0.013723619615968	210	13349000	56
20220617 010227	0	0	0	1	auto	depthwise	256	0	1	0.252982979514892	0.466969183976624	8	2	0.0148325588611557	81	13122000	57
20220617 010351	0	0	0	1	auto	depthwise	256	0	1	0.280019629880608	0.789949312623458	8	2	0.0160652644801778	49	12376000	58
20220617 011308	0	0	0	1	auto	depthwise	256	0	1	0.0487178336053024	0.540168605565734	8	30	0.0149468202561333	38	12872000	59
20220617 011355	0	0	0	1	auto	depthwise	256	0	1	0.299789235045493	0.200222432710376	5	2	0.011682903660056	58	12586000	60
20220617 013013	0	0	0	1	auto	depthwise	256	0	1	0.0100351151986655	0.200471968638273	6	29	0.0106610927616849	193	12714000	61
20220617 021212	0	0	0	1	auto	depthwise	256	0	1	0.0102964303014008	0.511232615608363	10	21	0.020027483043287	528	12498000	62
20220617 023438	0	0	0	1	auto	depthwise	256	0	1	0.0101832721572129	0.200029675812714	3	28	0.0137658734334859	287	12556000	63
20220617 024117	0	0	0	1	auto	depthwise	256	0	1	0.0379596187360726	0.999924378110426	9	2	0.0141038939443749	290	13404000	64
20220617 032916	0	0	0	1	auto	depthwise	256	0	1	0.0100062985997774	0.853546451552162	10	23	0.0133046728270201	219	13488000	65
20220617 033204	0	0	0	1	auto	depthwise	256	0	1	0.107548559520154	0.999845413953423	10	2	0.0135762466880724	95	13175000	66
20220617 033331	0	0	0	1	auto	depthwise	256	0	1	0.298840452040662	0.201018226859129	10	29	0.00836258213170762	11	10214000	67
20220617 034526	0	0	0	1	auto	depthwise	256	0	1	0.0574921429339516	0.989748168810084	10	29	0.0141529473572032	23	12842000	68
20220617 042228	0	0	0	1	auto	depthwise	256	0	1	0.0100012040005458	0.68064764836489	10	30	0.0114311392011096	172	13258000	69
20220617 045418	0	0	0	1	auto	depthwise	256	0	1	0.0100440649647868	0.996376196067922	10	3	0.0339211628415318	1079	11052000	70
20220617 051430	0	0	0	1	auto	depthwise	256	0	1	0.0102966566868222	0.530406259478734	8	6	0.0152282731311019	412	13517000	71
20220617 054022	0	0	0	1	auto	depthwise	256	0	1	0.0100607461382904	0.352690146406056	8	13	0.0154903767520368	458	13383000	72
20220617 054151	0	0	0	1	auto	depthwise	256	0	1	0.253152539179994	0.546807142109407	7	3	0.0156384205050677	37	12591000	73
20220617 060152	0	0	0	1	auto	depthwise	256	0	1	0.0100872687545527	0.998661138321538	8	2	0.0180730460565088	903	12773000	74
20220617 060256	0	0	0	1	auto	depthwise	256	0	1	0.266559637708826	0.470549122038327	9	2	0.0142567885259131	44	12838000	75
20220617 062430	0	0	0	1	auto	depthwise	256	0	1	0.0100636884746236	0.284942248239726	5	15	0.0146949810978959	300	12985000	76
20220617 062830	0	0	0	1	auto	depthwise	256	0	1	0.0690722602693396	0.999546048978542	5	2	0.014564874649956	152	12839000	77
20220617 071718	0	0	0	1	auto	depthwise	256	0	1	0.0101280300913755	0.567971433134426	4	30	0.0130939978122008	223	12931000	78
20220617 071833	0	0	0	1	auto	depthwise	256	0	1	0.110336890523609	0.200287192219935	10	2	0.0185984480427875	130	13061000	79
20220617 073902	0	0	0	1	auto	depthwise	256	0	1	0.0106279507141652	0.323902499529726	4	30	0.00835794035916563	34	12531000	80
20220617 074905	0	0	0	1	auto	depthwise	256	0	1	0.0100871782484293	0.357858784641502	9	2	0.0302343160948974	945	11578000	81
20220617 075605	0	0	0	1	auto	depthwise	256	0	1	0.0223137679691688	0.402008180116841	8	2	0.0191609015366809	706	13431000	82
20220617 084810	0	0	0	1	auto	depthwise	256	0	1	0.010014632503961	0.931016325649672	9	16	0.0140715184697888	272	13318000	83
20220617 084940	0	0	0	1	auto	depthwise	256	0	1	0.296389670360745	0.565264780382463	8	2	0.0152679561435631	82	12984000	84
20220617 085158	0	0	0	1	auto	depthwise	256	0	1	0.152911525286174	0.624246257406167	10	2	0.0156768069438119	154	13186000	85
20220617 092333	0	0	0	1	auto	depthwise	256	0	1	0.0102477147786666	0.40809436870896	8	21	0.013480140334554	348	13322000	86
20220617 092451	0	0	0	1	auto	depthwise	256	0	1	0.267865843557458	0.604484002915828	5	2	0.0150972103897171	50	13089000	87
20220617 092639	0	0	0	1	auto	depthwise	256	0	1	0.202587420746245	0.999902849177106	4	2	0.0102530746684315	49	12144000	88
20220617 092948	0	0	0	1	auto	depthwise	256	0	1	0.124146025781296	0.749994264242222	10	2	0.0185260088705029	195	12576000	89
20220617 093833	0	0	0	1	auto	depthwise	256	0	1	0.0342113611452685	0.902409082006149	10	7	0.014325006410652	38	13036000	90
20220617 094119	0	0	0	1	auto	depthwise	256	0	1	0.110253087770957	0.999260931485818	8	2	0.0151712530887179	91	13100000	91
20220617 094155	0	0	0	1	auto	depthwise	256	0	1	0.299955686715572	0.200629013157881	4	2	0.0165884531931414	42	12573000	92
20220617 094902	0	0	0	1	auto	depthwise	256	0	1	0.053577504437845	0.336010106120031	4	30	0.0134595210165149	30	12871000	93
20220617 094947	0	0	0	1	auto	depthwise	256	0	1	0.235656839132363	0.20002198585254	10	2	0.0155419680629188	48	12788000	94
20220617 095139	0	0	0	1	auto	depthwise	256	0	1	0.110816182684681	0.334460406693272	10	2	0.0153107451158892	188	13366000	95
20220617 101532	0	0	0	1	auto	depthwise	256	0	1	0.0100365141190344	0.307537087919684	6	29	0.0158197588146096	185	12800000	96
20220617 103704	0	0	0	1	auto	depthwise	256	0	1	0.0102901929412018	0.999692749400936	2	2	0.0141071201181111	976	13093000	97
20220617 104159	0	0	0	1	auto	depthwise	256	0	1	0.0535973159502832	0.625756154855939	8	4	0.014925424723795	134	13354000	98
20220617 113758	0	0	0	1	auto	depthwise	256	0	1	0.0104532743659191	0.999628599225648	3	3	0.0206036953925498	2250	12879000	99
20220617 114449	0	0	0	1	auto	depthwise	256	0	1	0.0459414440314033	0.999813804415803	3	2	0.0153019160461773	284	12889000	100
20220617 115022	0	0	0	1	auto	depthwise	256	0	1	0.104446604895145	0.553316269681943	10	30	0.0128231925665176	29	12786000	101
20220617 121626	0	0	0	1	auto	depthwise	256	0	1	0.0101553427288685	0.998635275078981	0	3	0.0155697357242868	711	13333000	102
20220617 131229	0	0	0	1	auto	depthwise	256	0	1	0.0102107207640388	0.998054767950934	0	5	0.00851664813612096	1113	13077000	103
20220617 131400	0	0	0	1	auto	depthwise	256	0	1	0.176471702706791	0.202544833564332	10	2	0.0165247848428056	193	12923000	104
20220617 133559	0	0	0	1	auto	depthwise	256	0	1	0.010162834737311	0.34973295196486	9	5	0.0188714196480161	1101	13180000	105
20220617 142221	0	0	0	1	auto	depthwise	256	0	1	0.0100182813615816	0.819822532633788	0	7	0.0131553035704195	629	12794000	106
20220617 143843	0	0	0	1	auto	depthwise	256	0	1	0.0101348738988528	0.898017577954007	4	2	0.0345333385841043	728	10927000	107
20220617 145914	0	0	0	1	auto	depthwise	256	0	1	0.0272281895067975	0.810580389190838	9	22	0.0132603277719437	92	12990000	108
20220617 150119	0	0	0	1	auto	depthwise	256	0	1	0.0843785080893426	0.541550759422092	8	2	0.0155178252750873	106	13124000	109
20220617 150322	0	0	0	1	auto	depthwise	256	0	1	0.267829664903567	0.209403464697183	4	30	0.00834763253466323	11	10020000	110
20220617 152149	0	0	0	1	auto	depthwise	256	0	1	0.0101236013168636	0.200004856221674	10	17	0.0128945700835507	533	13315000	111
20220617 152359	0	0	0	1	auto	depthwise	256	0	1	0.213313954183754	0.999911236183107	8	2	0.0134095815506864	71	12999000	112
20220617 152536	0	0	0	1	auto	depthwise	256	0	1	0.261572525422142	0.601036290711792	8	2	0.0152533002863321	81	12889000	113
20220617 152715	0	0	0	1	auto	depthwise	256	0	1	0.281768881175174	0.792459750440926	5	2	0.014400566497576	68	12310000	114
20220617 160537	0	0	0	1	auto	depthwise	256	0	1	0.0100153336170982	0.648247578245212	8	16	0.0144148491965407	269	13034000	115
20220617 161000	0	0	0	1	auto	depthwise	256	0	1	0.0575276820046144	0.999900229964238	9	2	0.0148237888553155	166	13263000	116
20220617 161114	0	0	0	1	auto	depthwise	256	0	1	0.209986239519574	0.467152968785074	10	2	0.0153341290254223	76	12665000	117
20220617 164718	0	0	0	1	auto	depthwise	256	0	1	0.0100618182956466	0.430210373146494	3	27	0.0144087876283293	183	12634000	118
20220617 165109	0	0	0	1	auto	depthwise	256	0	1	0.0396663374198365	0.561394163122016	9	2	0.0149345358329951	234	13357000	119
20220617 165209	0	0	0	1	auto	depthwise	256	0	1	0.268700655984287	0.437746272836095	7	2	0.0163560510084735	51	12787000	120
